0.9550925772	548 10170
0.9476430782	8 9
0.9453657530	527 6109
0.9449737198	8966 404
0.9448207091	1213 276
0.9442667954	8 465
0.9413182681	1461 3362
0.9410399142	1905 1420
0.9404055707	4756 1461
0.9403759745	320 1213 276
0.9393681293	1612 390
0.9374180256	10416 766
0.9371936993	2749 1225
0.9366093993	250 608
0.9365860394	1861 4384
0.9363938541	2064 4411
0.9361287832	2220 276
0.9357697758	275 276
0.9357216229	1655 1420
0.9354878243	681 715
0.9352489381	82 101
0.9350893302	2067 2009
0.9328271574	3187 1301
0.9322916227	931 1929
0.9322095609	3700 703
0.9320150307	8198 1672
0.9319074539	682 1396
0.9318508938	365 1034 185
0.9317422271	836 1811 528
0.9314033424	1823 917
0.9312000752	1062 1034 271
0.9305839707	2749 1229
0.9302945321	364 449
0.9300461496	2234 6914
0.9300349595	889 1467
0.9295329682	861 1652
0.9293145376	2749 3693
0.9290307316	2526 4989
0.9289125715	2749 4395
0.9285189497	4588 1
0.9282767693	861 2357
0.9280108514	4509 4510
0.9276733447	5075 953
0.9271499363	104 5162 5163
0.9258567794	365 1034 271
0.9257427195	275 249
0.9255347760	4314 3450
0.9250817812	201 1901
0.9250663055	679 4429
0.9246287466	1811 932
0.9242216842	3846 2082
0.9240966257	1547 4362
0.9233319625	51 4295
0.9222355390	681 408
0.9218404010	2749 4751
0.9213971427	3911 404
0.9209606655	352 1067
0.9206750375	2411 3161
0.9206750324	1074 883
0.9205577225	3058 2363
0.9205238065	6030 525
0.9197873406	2064 1034 271
0.9196828134	3278 2260
0.9195702546	39 838
0.9194113938	268 9656
0.9181616458	721 2368
0.9174352171	2067 1183
0.9174015823	1172 1069
0.9173616998	946 294
0.9170687408	390 1190
0.9169331596	958 690
0.9168569614	6326 6327
0.9165893397	1528 4106
0.9160441482	244 390
0.9159722966	1861 1871
0.9158807538	275 1901
0.9157995987	836 1811 51
0.9154081331	4025 2749
0.9152480901	5036 1229
0.9140508096	2258 2260 469
0.9136475474	1857 3640 3117
0.9134993874	4025 6325 82
0.9126048403	539 518
0.9123624182	1122 450
0.9121260999	364 449 9
0.9117180353	3125 450
0.9115384331	1706 1216
0.9112702119	2749 2754
0.9111506396	1034 271
0.9109377332	2662 3752
0.9097428641	1396 7734
0.9093109072	2126 1462
0.9092714110	3640 5735
0.9091745768	1835 292
0.9091113805	946 13015
0.9090634667	8448 1429
0.9089553679	121 122
0.9087106483	1212 404
0.9084660610	2076 195
0.9081558629	250 112
0.9076843716	2276 2277
0.9071564529	10371 3460
0.9071501418	3318 766
0.9071119753	1522 4106
0.9067843502	1062 271
0.9066770619	861 5292
0.9066683995	3969 4122
0.9063019871	4952 468
0.9062375910	1034 185
0.9056262018	5191 666
0.9052765749	104 8628 5399 9072
0.9050332308	986 3383
0.9047910060	3913 11694
0.9040354685	7025 7026
0.9036041485	2652 2077
0.9035169866	1528 33
0.9033914761	6078 894
0.9032408456	956 1461
0.9027516088	3799 8
0.9026676798	1586 1587
0.9023757424	8704 301
0.9021367121	518 528
0.9021296733	2754 4122
0.9020199765	13945 370
0.9018669756	2363 893
0.9016859068	364 449 152
0.9013339775	3055 1902
0.9011329810	7018 122
0.9011291601	2749 10537
0.9007815206	2629 2630
0.9005906498	11367 615
0.9002328039	5571 5994
0.8996228280	364 449 4659
0.8995894735	823 824
0.8994731837	5726 1212
0.8992695319	2541 5576
0.8992391068	7028 485
0.8991151886	4952 1069
0.8986555025	5533 5076
0.8983656053	620 883
0.8978638093	3379 10285
0.8975116952	263 15
0.8975042227	604 608
0.8973593363	3640 3117
0.8972121552	1613 1329
0.8970937471	5162 3222
0.8970189612	5176 1672
0.8968881686	3462 2137
0.8966467518	6572 1954
0.8964832138	1528 9
0.8962847729	2662 3743
0.8961784315	1256 1257
0.8961726536	2650 4697
0.8958922841	104 263 2631
0.8952666403	2231 408
0.8949543247	2126 2749
0.8947926079	1878 1879
0.8947355195	3187 276
0.8943052581	233 6497
0.8938668421	2477 620
0.8936973352	2749 3120
0.8931905993	499 2050
0.8930433245	1265 475
0.8928443698	604 391
0.8927615473	774 1831
0.8924367995	121 271
0.8922125483	1634 6017
0.8921373038	1010 295
0.8920945162	2300 459
0.8920114473	3698 3822
0.8918756401	233 244 657
0.8918189017	263 3337
0.8917475734	282 2969
0.8915380304	4765 838
0.8915321774	6013 6014
0.8915319402	1655 1079
0.8913409236	2234 1225
0.8913308817	11741 1528 33
0.8912712731	5399 1864
0.8912558506	604 1278
0.8909901099	1861 1863
0.8908153746	5351 6285
0.8906695816	2148 6264
0.8905329847	2749 1064
0.8905015339	621 8873
0.8904927452	2411 657
0.8904295990	1426 861
0.8900820004	222 3947
0.8899711798	62 2285
0.8898420962	6774 11172
0.8896321256	7442 5071
0.8896304504	2452 883
0.8896159880	4414 2339
0.8895577234	121 690
0.8887428964	275 1079
0.8885107043	6084 608
0.8880640419	104 4430
0.8880151870	270 985
0.8879794501	448 648
0.8874814380	430 1937
0.8872727833	852 893
0.8868465349	1831 362
0.8868072680	174 390
0.8866881553	13882 2630
0.8862665500	1214 2235
0.8862174902	1074 188
0.8861874851	174 944
0.8859754667	2839 2841
0.8859009062	150 7550
0.8858921646	15190 3599
0.8855360775	2319 32
0.8852114013	1004 442
0.8848207611	1074 657
0.8847380211	5516 4057
0.8847158840	1332 3376 3390
0.8842564440	3154 3155
0.8840121665	8198 1672 12876
0.8838572933	2375 1547
0.8834582494	2363 4182
0.8834310231	4176 657
0.8833943279	518 2017
0.8832430189	3278 3750
0.8831545971	861 2396
0.8830595434	4451 4429
0.8830142133	6828 7557
0.8826144480	1849 953
0.8824945006	493 71
0.8819709886	268 404
0.8812090949	4939 4692
0.8807244342	1547 2786
0.8806954617	6110 1396
0.8804433044	7866 6014
0.8804085467	222 2843
0.8803929500	17484 1561
0.8796666556	4625 5917 3529
0.8796493248	4569 703
0.8796164141	2023 260
0.8795415044	2848 82
0.8790745552	1461 5582
0.8789657119	51 404
0.8789094655	3187 33
0.8786869093	5931 4661
0.8784943889	1747 5959
0.8783702251	3305 4767
0.8781606993	6075 3993
0.8777913968	459 1
0.8775083148	1265 4659
0.8772311690	665 1672
0.8770621048	578 1539
0.8768391811	1539 149
0.8767849923	688 1017 195
0.8765589786	1074 861
0.8763991513	958 1461
0.8761616496	4352 9176
0.8760849563	518 986
0.8760611346	1861 2230
0.8760297870	8966 4738
0.8753767020	4414 2009
0.8752426285	468 3766 4913 715
0.8747745109	1919 370
0.8747381974	3305 1481
0.8745948253	986 5128
0.8745129780	662 3222
0.8744673318	4793 8071
0.8739521304	8542 8561
0.8735414420	531 929
0.8733592733	8542 8559
0.8733028149	267 12822
0.8732347000	9417 2794
0.8732048529	104 986 185
0.8731695303	527 957
0.8727832023	665 2852
0.8724246848	2805 4016
0.8723604592	6014 8182
0.8720609701	552 1461
0.8720024340	1074 852
0.8718036694	1823 2138
0.8717225434	5072 5073
0.8717007465	6777 2541
0.8711624058	5551 2056
0.8711577496	263 7589
0.8710118520	1329 32
0.8709403996	341 452
0.8709345756	4611 1461
0.8705992271	3278 3780
0.8705574716	2480 2569
0.8704786223	3799 295
0.8704023951	604 2815
0.8703664513	688 1026
0.8702246503	2851 2852
0.8699958431	10525 1108
0.8696493086	4025 370
0.8694578028	1595 1591
0.8693694693	1634 5538
0.8693349862	283 3403
0.8692548767	569 290
0.8692156499	6813 6814
0.8687546126	7668 666
0.8685427448	857 65
0.8680372193	493 263
0.8679865532	7285 8680
0.8676289914	891 1843
0.8675810127	839 285
0.8675309309	861 766
0.8673141484	121 759
0.8667736702	620 861
0.8659586663	505 341
0.8658325135	1267 11076
0.8657740859	2934 5115
0.8656361740	1802 1306
0.8654505876	861 2896
0.8653146118	1215 1221
0.8647639724	233 244
0.8646760817	104 366 271
0.8646636394	1225 5192
0.8643841680	4935 1396
0.8640703089	679 1902
0.8639770333	222 4156
0.8638446096	1219 608
0.8637821842	1426 883
0.8637719610	7602 1116
0.8634872633	760 376
0.8632892235	2996 289
0.8632043428	1135 2316
0.8631076604	2662 1655
0.8629145197	11221 4510
0.8625115923	1427 621
0.8624793534	595 892
0.8621764680	1396 3362
0.8616802308	1831 10030
0.8615673966	252 1528
0.8614738038	7062 7063 201 3595
0.8614612176	832 490
0.8612813297	1655 620
0.8611564619	5037 5040
0.8611149972	1828 271
0.8609471640	2910 1771
0.8608567863	9641 3058
0.8607709640	12868 283
0.8607380663	2723 1807
0.8605700280	4296 1046
0.8605260923	287 376
0.8604458380	236 9407
0.8602092873	953 5582
0.8601459453	620 1591
0.8599339013	1683 7550
0.8599328095	3087 608
0.8597983249	3535 1690
0.8595977749	8562 3808
0.8595904196	2023 843
0.8595774028	1267 1043
0.8594845951	3125 690
0.8593611994	861 893
0.8590415092	2477 871
0.8590139879	3001 2332
0.8588051323	1828 185
0.8587420861	1528 1565
0.8586708196	2083 292
0.8585349133	448 370
0.8583269181	5126 3184
0.8581302973	15020 1363
0.8581279611	721 2368 188
0.8576694713	2443 8 1046
0.8576692037	352 353
0.8575216537	387 3200
0.8573706900	223 2082
0.8573431319	3163 5604
0.8570419901	9184 13547
0.8569963586	5644 2484
0.8569951041	1074 1591
0.8567547582	2234 11770
0.8566807158	3337 4040
0.8566338177	5255 950
0.8566308367	233 294
0.8565665065	607 1481
0.8563852592	1332 2442
0.8561673657	6787 8999
0.8561551996	142 3337
0.8559807327	1522 561
0.8559761843	2300 3360
0.8558898953	4042 11263
0.8553560635	341 2766
0.8545374150	387 944
0.8540197660	474 1265 475
0.8540167742	5672 1807
0.8534927690	1415 2016
0.8534205410	262 264
0.8533427346	1634 1635
0.8532831202	2081 1446
0.8532806386	578 527
0.8531628166	2538 5200
0.8529107345	679 391
0.8528269279	233 3862
0.8528031372	10564 5633
0.8525941149	3068 249
0.8520672487	1330 608
0.8520653643	1056 1018
0.8520553513	1881 1882
0.8520093578	275 234
0.8516576347	7869 3362
0.8516075883	10399 7229
0.8515751950	1173 1957
0.8513632880	3330 2469
0.8510765831	5974 1428
0.8510051565	1471 468
0.8508289734	6113 5709
0.8505708430	8779 8780
0.8503747061	244 611
0.8503318943	621 404
0.8501770099	15315 1934
0.8501676218	1611 6748
0.8500871984	287 2334
0.8499741624	2526 4989 277
0.8496049143	684 785
0.8495366865	4663 6371
0.8494512230	39 17
0.8493418722	3799 6787
0.8493090025	201 4106
0.8492603598	3766 2896 7973
0.8492141814	13306 2905
0.8490908030	450 449
0.8490083063	5226 98
0.8489593708	8979 6914
0.8487580234	4891 3700 703 4905
0.8487010967	7713 9117
0.8485563833	387 874
0.8484630994	27 1046
0.8483730339	5287 2694
0.8482131896	1655 871
0.8481950332	286 323
0.8480744165	7199 17280
0.8478911338	3187 1301 2316
0.8477345559	187 1997
0.8477050692	5074 9389
0.8476235401	4663 6371 114
0.8475320680	615 826
0.8475085366	3844 2425
0.8474248100	2300 1461
0.8472930227	1937 1480
0.8472751003	9703 1379
0.8472727713	387 1503
0.8470245203	573 16076
0.8470116865	662 2238
0.8470051576	8098 7920
0.8468055371	3374 6603 475
0.8466958469	869 99
0.8462078368	112 5
0.8461338339	6981 3444 499
0.8460812209	1894 3748 82
0.8458705315	1662 114
0.8451910631	6981 548 10170
0.8451864102	4296 323
0.8448956841	1074 6014
0.8448461281	121 185
0.8446414033	201 2859
0.8445031720	8041 1173
0.8444181994	387 3086
0.8443939430	4194 765
0.8443877299	1238 398
0.8441701975	1528 16256
0.8441508769	2910 2911
0.8440495919	2662 652
0.8439891449	884 886
0.8439592381	3427 759
0.8438246112	1521 679
0.8437220185	6320 499
0.8437136290	5022 3222
0.8432058460	3524 17872 3834
0.8431552415	2461 3508
0.8431477966	7575 7576
0.8430078062	3757 2811
0.8427471056	4999 2111
0.8427026292	4658 971
0.8426684401	1077 4507
0.8425030271	6627 404
0.8424649325	15558 1737
0.8421547612	4765 7631
0.8421172279	275 1641
0.8418800267	13296 639
0.8416242551	10971 5950
0.8414819698	1214 12601
0.8413260708	366 986
0.8412521242	762 201
0.8405478642	7666 1046
0.8401632282	607 430
0.8398092783	1783 3187
0.8397284558	2564 32
0.8396428548	2526 7734
0.8394067691	3058 4953
0.8393987359	1802 1591
0.8392646755	7590 408
0.8392207437	1396 1398
0.8390680961	1141 5492
0.8389209685	591 2013 9
0.8387681100	724 2243
0.8386362967	1547 408
0.8385621718	7985 3863
0.8383226230	1891 3058
0.8380892065	1504 3698
0.8380119676	7779 3595
0.8379715489	6752 1532
0.8375873626	3105 2321
0.8375158615	1747 2351
0.8374045042	2443 2243
0.8370081142	621 241
0.8367722922	459 306
0.8367592662	3058 2137
0.8365314708	1551 10177
0.8364382392	17008 17009
0.8363874748	5215 201
0.8363326771	270 392 6750
0.8362739635	3353 1446
0.8362673738	1655 620 861 32
0.8362361838	1861 221
0.8359193290	2048 1265
0.8358595951	3600 6498
0.8356895894	1672 3508
0.8352965471	387 430
0.8351598762	4429 1446
0.8351567173	1396 2301
0.8350151806	459 2492
0.8348602289	352 353 3337
0.8348499562	233 1981
0.8347483169	104 6347
0.8346460636	104 404
0.8345424132	6755 6785
0.8344852924	3125 9
0.8344705961	283 6292
0.8344513865	7634 323
0.8343478707	13892 1069
0.8342932328	1897 11106
0.8342153114	3317 1046
0.8342046404	760 679
0.8339952917	1977 1588
0.8337358534	1752 6300
0.8336212174	2260 404
0.8335501758	1238 32
0.8333648679	1547 1519
0.8333132330	2411 986
0.8332064423	1494 412
0.8332002420	137 5891
0.8328049643	316 3676
0.8325930314	1330 840
0.8325477351	3125 408
0.8324284000	8142 2480
0.8323176629	4025 1191
0.8318873248	3306 14238
0.8317973560	1770 11931
0.8311166774	8585 1752
0.8309572546	262 263 264
0.8306377422	4487 3330 2469
0.8306157256	3163 3222
0.8305381567	578 1075
0.8304719430	233 6112
0.8301645070	986 556
0.8300789784	3602 2622
0.8296408821	4242 184 295
0.8294304520	3641 99
0.8292622660	404 1810
0.8288445225	613 2282
0.8285004877	9408 8968
0.8283027088	852 2896
0.8280975700	1521 341
0.8278050832	7506 662
0.8274857674	1352 10100
0.8274305413	1613 167 5540
0.8272854297	201 468
0.8270749019	2541 744
0.8267755123	857 1352
0.8265022322	2749 1547
0.8261331691	679 9
0.8260791322	682 16963
0.8256949974	648 15
0.8255655314	10525 762 201 7403
0.8251689534	1291 3982
0.8250938982	861 295
0.8250921685	2192 378
0.8247729482	3306 2081
0.8247226253	5247 931
0.8246630987	252 608
0.8245505435	8628 5399 9072
0.8242698329	3266 12139
0.8241310728	10831 7925
0.8239334768	341 985
0.8238689253	8979 5967
0.8236993551	4709 715
0.8236762842	2048 1561
0.8236608214	2014 2015
0.8232945312	5116 5637
0.8232578647	591 1595
0.8232349194	12292 3748 12293 42 222 4156
0.8231325930	1416 893
0.8229060588	8966 391
0.8228535676	4999 878
0.8227944382	2780 140
0.8226059494	5940 11 5940
0.8225889203	13462 13463
0.8224848290	3100 1504
0.8224296141	3037 3106
0.8223994987	4878 4889
0.8222581106	10186 12822
0.8221546107	168 2294
0.8221501290	104 2910
0.8219557448	5990 1123
0.8216015476	4314 2009
0.8215536356	174 233
0.8214315948	2227 201
0.8212293642	1807 140
0.8211253475	3027 1257
0.8210612706	662 468
0.8207180013	1880 785
0.8205696855	1595 2988
0.8205595257	1298 1952
0.8204935329	104 1034 271
0.8204775262	6460 2993
0.8202284349	3427 825
0.8201715148	45 920
0.8200992222	639 628
0.8200592736	5258 404
0.8196621018	1017 4481
0.8195200354	201 328
0.8192382410	448 3226
0.8191797717	4130 1476
0.8190257918	839 886
0.8189680641	2020 2710
0.8188720802	1655 620 861
0.8187434156	1476 359
0.8182625641	1571 124
0.8177079767	4296 679
0.8174602770	1504 11547
0.8172585207	39 784
0.8171608478	857 3982
0.8169165035	5699 4132
0.8166061686	5 3098
0.8165597220	260 715
0.8163902422	10619 2411
0.8163335437	1683 623
0.8162029657	1554 1070
0.8160801378	762 201 7403
0.8160700921	2097 1643
0.8160199750	387 3458
0.8159241148	283 986
0.8158252978	2443 883
0.8156545954	5003 5006
0.8156403135	3002 2749 1229
0.8150091440	4026 295
0.8149272564	459 32
0.8147963251	6061 82
0.8147167116	104 986
0.8143507100	662 932
0.8143416408	931 891
0.8143407617	2035 1641
0.8142844815	6853 362
0.8142781477	741 8166
0.8140702329	394 1427
0.8138020639	2380 469
0.8137093600	2110 3068
0.8136816013	780 5875
0.8136013844	244 1672
0.8135150333	5008 344
0.8133667636	12362 8041
0.8131824373	8428 1737
0.8128675689	280 2063
0.8119252188	327 328
0.8118370986	394 908
0.8117744927	459 407
0.8113337138	1034 185 2016
0.8113059789	3179 15
0.8112173358	10564 2794
0.8109593761	662 6802
0.8108967024	1588 1655 1079
0.8108733555	3427 3427
0.8107221678	1651 662
0.8106958041	923 5
0.8105841578	3982 1670
0.8105529842	1461 6144
0.8103418770	4658 2262
0.8100993986	662 1222
0.8098332032	3642 3659
0.8098316569	320 662 275 932
0.8097007768	861 82
0.8096316472	98 379
0.8095994254	929 1209
0.8091907533	30 1772
0.8090857313	10580 8
0.8084751588	201 1046
0.8084337290	1683 843
0.8084117195	2013 9
0.8083104140	5713 5747
0.8081912551	10525 762 201
0.8081720874	823 884
0.8081382138	174 430
0.8081140176	387 223
0.8079670190	11485 662
0.8076470651	5 697
0.8072531917	10218 3868
0.8071497723	1034 1126
0.8070739482	3948 42
0.8067533860	11853 11854
0.8066813993	1017 195
0.8066220039	16504 16505
0.8061465421	2591 2592
0.8056084229	2299 469
0.8055924440	5699 3312
0.8055661487	901 4005
0.8055014334	104 505
0.8054597094	2968 632
0.8053935369	1934 1352
0.8050781982	1547 715
0.8049413239	852 766
0.8046474819	607 2479
0.8044358643	174 1610
0.8044090648	2089 627
0.8042031818	82 5919
0.8041824550	1578 2160
0.8037979683	459 2316
0.8035762280	2175 3614
0.8033372160	1672 8067
0.8030620873	3957 840
0.8029597925	1415 6286 6287
0.8026976647	1740 292
0.8026954721	2516 2524
0.8025777925	2035 469
0.8019386696	233 1539
0.8018129440	1494 307
0.8013091254	1028 620 1591
0.8012276760	12584 8196
0.8010950528	223 398
0.8008627732	863 27
0.8007275492	2919 50 1046
0.7998879094	104 7675 4236
0.7997469501	10024 9320
0.7994617880	662 275 932
0.7994514307	9176 2754
0.7994381860	662 1843
0.7990293624	1187 323
0.7989272642	11595 11595 11595 11595 11595 11595
0.7986202632	3427 3427 759
0.7985801854	657 658
0.7985567480	3330 1800
0.7984750936	601 174
0.7983266157	6137 836
0.7982623741	665 233
0.7982465904	953 2054
0.7980196247	620 1123
0.7978519682	263 264
0.7977525699	11672 11673
0.7976772642	11595 11595 11595 11595 11595
0.7976698897	4891 3700 703
0.7970523326	3871 233
0.7969650489	1028 3313
0.7967652142	16298 1614
0.7967052600	604 569
0.7966077948	1604 391
0.7963566777	459 5
0.7961996904	920 32
0.7958448292	3362 691
0.7952900995	929 2160
0.7949128578	569 3701
0.7946747850	104 603 490
0.7943498201	201 1222
0.7940678706	1427 569
0.7940441398	8571 6914
0.7939973379	11248 6864
0.7939411546	310 404
0.7938866495	404 2862
0.7938433288	352 353 264
0.7936481248	104 2905 1460
0.7932587178	2662 3741
0.7932473335	4509 3226
0.7927380129	6915 1350
0.7927050905	1250 518 352
0.7924124402	5 1351
0.7921623991	569 1123
0.7918543318	1610 1750
0.7914975149	662 6603
0.7913374459	455 1521 1480 3090
0.7907673989	82 3701
0.7906362445	1401 1438
0.7905990371	225 3313
0.7905561018	1807 206
0.7903093983	1823 206
0.7901282173	3222 715
0.7898795023	1273 1046
0.7898670557	572 398
0.7893014321	4244 959
0.7889148725	16338 16340
0.7889026742	1028 10186
0.7886790408	104 1831
0.7865776194	2662 42 840
0.7863728367	1595 1605 888
0.7860585528	10580 2825 3350
0.7858768419	4790 51
0.7854515269	3222 499
0.7854316897	5036 836
0.7853165839	104 603 1330
0.7850200064	1528 15569
0.7846316422	3362 253
0.7843539479	6017 883
0.7830517888	5478 323
0.7828896701	1571 1904
0.7821199789	499 3474
0.7816982302	2818 629
0.7815157247	1074 852 893
0.7813820917	82 4007
0.7813481910	1250 518
0.7812824295	2231 32
0.7809276765	233 6935
0.7801876233	416 862
0.7801422865	4599 1446
0.7796405512	1783 3187 201
0.7795997910	20 4677
0.7786705142	5125 891
0.7786192929	45 2980
0.7786143750	3519 3523
0.7781788023	11741 1528
0.7773587533	620 114
0.7768754060	573 7752
0.7766817175	3356 10580
0.7766255710	104 603 3853
0.7765737508	6558 2392 7634
0.7761292412	721 370
0.7756161445	6558 2392 7634 323
0.7752945800	662 970
0.7750942132	3700 703 4905
0.7742616220	1571 66 3222 2339
0.7738181375	104 1837
0.7735647620	1595 1438 1591
0.7727518099	104 5240
0.7721732518	5585 295
0.7717870294	201 2238
0.7713296516	391 1379
0.7712024746	82 7771
0.7711911881	662 1601
0.7710435347	7948 662
0.7705357711	2126 1046
0.7701316936	55 1102
0.7700902389	662 1807
0.7697698485	10218 3868 6425
0.7694904163	1051 3704
0.7691653285	104 603
0.7687206794	11853 11854 4952
0.7685075940	5453 679
0.7680929994	5 936
0.7679878583	104 8628 5399
0.7663621888	10529 10526
0.7661554557	45 3260
0.7655003234	104 4296
0.7651503910	931 32
0.7651039680	2126 679
0.7644096069	1841 6 1842
0.7640001594	2749 42
0.7630342080	391 407
0.7628533438	5 1414
0.7625899426	2662 42
0.7616193933	387 950
0.7614194573	5699 233
0.7611505273	1109 1683
0.7609114031	1132 42
0.7607911324	1857 5735
0.7600085359	365 1034
0.7586810136	104 676 4811
0.7584910226	5162 5163
0.7579659485	10526 10525
0.7573002334	370 1719 3860
0.7571181473	1056 468
0.7568538399	430 1352
0.7560708328	104 2126
0.7554852051	6774 469
0.7547055520	33 1097
0.7546734891	12028 42
0.7545818360	39 1046
0.7542826481	387 469
0.7538938853	3137 569
0.7519137068	6981 3055
0.7513969503	1273 1595 1046
0.7513322681	6143 6 2060
0.7500206311	637 4429
0.7486256502	104 306
0.7484373083	104 1034 185
0.7482218630	1427 662
0.7479992939	283 404
0.7465642532	104 365 1034 185
0.7446706468	1056 1466
0.7444074228	1056 201
0.7436288556	3757 201
0.7422003118	398 1790
0.7419520568	82 42 32
0.7407069787	104 603 604
0.7404773738	1067 32
0.7402798703	8 11 657 3508
0.7398803895	46 602
0.7395602424	275 932
0.7394539620	662 97
0.7393067821	5004 835 3052 1542
0.7392792453	1588 1655
0.7380966860	104 366 185
0.7376492892	662 201 2388
0.7373402944	662 3280
0.7371176784	1332 3376
0.7369601566	2919 50
0.7368583916	201 9
0.7367649592	5 1221
0.7366452115	1871 825
0.7362690489	5 912
0.7362365557	3447 1213
0.7361536610	361 55
0.7348887702	861 99
0.7342559191	407 697
0.7340605303	1046 697
0.7339000133	891 371
0.7334562310	104 6916
0.7330186139	6558 2392
0.7325388669	863 620
0.7320347305	104 7806
0.7316349510	404 1665
0.7312790435	387 843
0.7309732559	2050 149
0.7297195608	662 267
0.7293083985	1640 371
0.7284857014	345 784
0.7278049585	387 2541
0.7273805007	168 206
0.7271470315	404 408
0.7266380148	351 6 6582
0.7258974318	662 1446
0.7257266416	826 784
0.7254360418	112 620
0.7251720399	1857 1861
0.7241642425	174 469
0.7240546850	662 3222 715
0.7239452005	420 5875
0.7235912223	395 387
0.7232044441	662 5228
0.7230761962	9802 42
0.7226393995	662 6780
0.7215739735	3306 6787
0.7208245208	45 784
0.7206378374	104 263 328
0.7201719264	113 114
0.7187818344	493 300 825
0.7187204765	104 986 3383
0.7185742901	104 4296 31 2126 6541
0.7182053375	468 442
0.7173666796	387 970
0.7171777659	1806 679
0.7171035778	4215 431 861
0.7169568531	1528 1046
0.7165932315	499 6292
0.7161541841	1595 1605
0.7159852994	505 679
0.7155073693	104 366
0.7147030829	112 891
0.7144130657	387 1097
0.7126635644	10580 2825
0.7124064268	20 272
0.7120902977	316 317
0.7115757788	104 1034 1126
0.7112326689	174 1221
0.7110935394	1802 5
0.7109735548	263 328
0.7108728391	104 3378
0.7100390259	233 666
0.7098117465	371 2444
0.7090224493	863 32
0.7087003802	569 490
0.7080828562	604 490
0.7073083951	394 391
0.7066417377	4296 31 2126
0.7059003618	1547 986
0.7047495978	11601 31 11602
0.7037460092	662 1466
0.7032878911	51 404 149
0.7032861877	449 82
0.7031368543	3308 42
0.7019524737	1594 1111
0.7019344183	891 42
0.7019311695	2694 95 2652 2077
0.7017791302	5 3 2309
0.7016527417	104 603 840
0.7010429330	1605 888
0.7005499599	185 2016
0.6993398884	104 2749
0.6989314083	1683 1097
0.6981463019	679 959
0.6977566027	104 1082 1604 604
0.6969627286	662 328
0.6959711005	2009 1547
0.6959662884	45 464
0.6957044402	387 623
0.6954624465	4215 431 883
0.6951307162	2009 42
0.6946712778	112 223
0.6935284214	1330 5
0.6929579282	591 114
0.6913182882	104 3718
0.6905768442	51 404 408
0.6901985102	3451 371
0.6896077894	569 391
0.6880536575	1937 341
0.6880257895	2404 31 11212
0.6880003331	104 684
0.6878227197	1067 114
0.6873724317	300 301
0.6870853820	1461 223
0.6863267179	620 861 82
0.6859115955	45 217
0.6856508446	104 1082 1604 490
0.6849981808	1028 620
0.6845812347	620 861 32
0.6844648355	132 629
0.6843986605	4467 3 8893
0.6841574526	2897 78 2537
0.6831920140	572 371
0.6820184703	591 1046
0.6820006317	1539 691
0.6817481508	252 31 5984
0.6811980888	1595 295
0.6807321055	1416 31 1997
0.6800675198	572 371 1648
0.6789339615	174 233 5
0.6787376420	104 959
0.6781705970	404 1111
0.6752678854	1528 201
0.6748030675	201 959
0.6746575789	275 114
0.6723587634	662 893
0.6719152289	662 912
0.6715007911	112 627
0.6702188978	1672 518
0.6701742536	3055 11 3055
0.6688489968	1683 469
0.6687599936	620 32
0.6685466228	1823 45
0.6675006145	341 42
0.6643900411	839 42
0.6612070184	1901 691
0.6604948250	601 387
0.6601191549	662 606
0.6579577674	82 42 407
0.6578836220	662 784
0.6577115734	371 1550
0.6549004894	1595 1046
0.6547899210	371 171
0.6547506319	76 199 76
0.6544463086	252 5
0.6541879870	1571 1904 302
0.6522280958	537 7612 7590
0.6513178318	2048 11 2048
0.6506154016	1818 31 4396
0.6487535757	662 4776
0.6478126739	1540 662
0.6459502103	8837 4547
0.6454518562	952 784
0.6450399646	891 277
0.6449641864	104 152
0.6415678481	262 263
0.6404555346	662 275
0.6397153917	277 2466
0.6394727809	1420 408
0.6394429223	104 603 391
0.6392704811	371 378
0.6381247612	401 45
0.6378179710	2839 2841 25
0.6355327993	3676 371
0.6348725529	662 1610
0.6348664673	2013 662
0.6334007164	104 263
0.6313718381	10580 8 516
0.6305500607	620 861 662
0.6304687297	168 45
0.6292811595	2839 2841 0
0.6279652912	572 114
0.6276409794	371 1648
0.6273842732	23 13681 4297
0.6262501057	42 277
0.6246034463	104 2143
0.6229123327	104 1082 1604
0.6215594378	1120 371
0.6202630794	459 42 1464
0.6193677006	66 3541
0.6162967105	12925 12840
0.6156264689	929 666
0.6143102288	42 784
0.6134222854	201 1351
0.6132366013	82 42
0.6130574891	167 5540
0.6098200301	2749 201
0.6067768075	1314 6806 1857 5735
0.6063877846	662 4106
0.6047461973	620 31 233
0.6043278570	1464 1528 12160
0.6042786742	104 2260
0.6040376788	1346 672 1790
0.6036178846	104 7675
0.6035597041	267 271
0.6027646493	449 152
0.6019437812	1721 1636
0.6000122294	104 2861
0.5989838252	104 231
0.5957906089	843 6 2060
0.5939514353	1329 662
0.5931493725	249 715
0.5927710399	572 201
0.5921737177	20 1686
0.5911339380	42 1111
0.5909016862	2039 662
0.5904396053	18 8779 1537
0.5894014673	104 469
0.5884205407	1043 1480
0.5870330492	201 4429
0.5837465309	3557 18 6657
0.5834754718	1957 715
0.5833526973	404 569
0.5827681613	2902 6 1159
0.5792152963	5 3 662
0.5787092612	537 1611 6748
0.5777965640	5 838
0.5771667994	8 11 657
0.5769078539	1034 185 42
0.5766232240	104 1082 1604 391
0.5754809120	1913 7007
0.5739377643	5713 5747 1449 18
0.5722117102	6966 959
0.5709753844	300 4418
0.5701412124	1571 201
0.5698424139	4878 4889 431
0.5694046078	662 1811
0.5686828257	42 24
0.5686532107	104 328
0.5678494818	201 3349
0.5663946106	325 1043
0.5655264882	662 371
0.5651569351	469 6 2289
0.5649982010	662 149
0.5647642991	300 150
0.5626392540	104 271
0.5614350749	32 569
0.5605900920	5 569
0.5603252793	1528 42
0.5602553211	662 201
0.5596203804	55 1462
0.5587282709	404 691
0.5586950550	679 0
0.5583722415	662 569
0.5569416345	317 277
0.5559220774	4188 42
0.5555902479	53 662
0.5554385130	5005 443 1259 2163 31
0.5550365244	104 341
0.5517137958	104 31 774
0.5502463519	404 715
0.5497426220	1464 1489
0.5490335264	4 2650 2674
0.5461965303	32 784
0.5458733742	223 1046
0.5442982654	5601 10589
0.5439586086	112 162 662
0.5437177668	1350 1352
0.5430672754	104 3701
0.5400583416	721 267
0.5382482453	4107 31 404
0.5370995886	617 9542
0.5370869075	1787 2048
0.5356228438	1082 1604 604
0.5347828435	1438 1591
0.5347212338	99 31 891
0.5344997774	662 3188
0.5332759150	4 2968 5586
0.5331013897	662 1565
0.5312947370	931 1067
0.5290875333	449 9
0.5276073157	662 1919
0.5266349796	2098 5003 6
0.5257443333	662 277
0.5250326625	672 3786 362
0.5236289993	2067 836
0.5215700991	42 691
0.5202658045	407 31 32
0.5199317424	2300 0
0.5186327406	5713 1314
0.5180551624	1056 31 32
0.5155968290	1056 31 662
0.5144436349	300 1150
0.5128827708	4 4790 51
0.5128808773	292 6 1408
0.5126914564	185 43 267
0.5124394823	621 31 53
0.5121072293	1823 741
0.5117396350	323 2503
0.5112273698	1046 784
0.5103819847	1314 1614
0.5096050667	578 31 1752
0.5096037372	42 82
0.5093398423	6003 472
0.5090679709	201 556
0.5079786533	4 4509 3226
0.5079087843	913 6037
0.5078658751	1082 1604 490
0.5074998309	642 932
0.5073746434	404 149
0.5061864951	5540 32
0.5044799276	104 9
0.5044167287	1081 66
0.5041455796	300 2018
0.5038983117	1941 31 869
0.5010023525	82 32
0.5004798165	537 4500
0.4986815805	1174 223
0.4962649412	913 2366 2693
0.4962528927	82 627
0.4959207806	662 1665
0.4955949487	572 5
0.4945307266	537 8671
0.4939792855	601 104
0.4901937565	282 201
0.4837824113	970 31 53
0.4833841280	317 866
0.4822365553	167 5540 32
0.4816757437	42 662
0.4806552516	973 625
0.4800308099	1900 233
0.4794246993	472 473 473
0.4788296594	822 31 1046
0.4777734927	6994 473
0.4776438314	774 31 104
0.4741597886	629 31 94
0.4733498713	20 1052
0.4726175422	662 233
0.4716742298	5 31 30
0.4708867110	1919 1480
0.4687118066	104 2905
0.4685797004	1672 42
0.4683878142	602 1438 11
0.4675557897	861 32
0.4672928703	537 9712
0.4665138566	962 1067
0.4663572357	931 662
0.4659324265	1464 127
0.4653597886	1666 31 662
0.4643124436	5572 3949
0.4631067284	709 5416 43
0.4630232516	662 715
0.4618916764	317 24
0.4572385563	1074 662
0.4559116046	2040 1490
0.4550034924	104 676
0.4549935998	43 1614 32
0.4535108030	300 2817
0.4523020106	4 1415 6286 6287
0.4519290540	662 1919 66
0.4515662552	32 277
0.4494190070	1350 1009 6
0.4486577845	913 2366
0.4485539810	4 3356 10580
0.4455077638	104 365
0.4454868531	572 371 753
0.4441388042	323 2503 392
0.4430140845	42 866
0.4429355658	650 16664
0.4412604366	1046 691
0.4397027718	608 31 0
0.4384361271	1331 18 1464 662
0.4359784560	662 408
0.4353499704	31 420 5875
0.4349627431	3 637 4429
0.4342354055	1571 66
0.4342066212	662 959
0.4335110253	2388 516
0.4329065913	82 407
0.4291201360	5 691
0.4287917145	5157 219
0.4283540168	43 267 271
0.4260978402	2784 2785
0.4250500354	617 2040
0.4250448053	1082 1083
0.4221097095	620 662
0.4213213975	1807 42
0.4200977575	3786 773
0.4182079016	664 6083
0.4176326105	404 784
0.4165577428	4513 1771
0.4163744068	923 662
0.4159074703	4 104 898
0.4124259217	453 0
0.4113914900	4492 3333
0.4096376069	167 9545 167
0.4094746094	1497 334
0.4091375880	662 1481
0.4086138857	3748 82
0.4080277094	201 2388
0.4063003549	537 1122
0.4063002068	1900 201
0.4049683230	3076 3516
0.4036068528	3446 1352 6
0.4031041300	42 32
0.4027887986	1218 223 43
0.4027336704	273 11 662
0.4027316009	1346 672
0.4025148334	537 6562
0.4021071849	1346 773
0.4000937101	4 650 16664
0.3986519771	387 351 6
0.3978045921	104 1145
0.3972492416	1304 2048
0.3970262282	2297 3595
0.3956643294	239 162 662
0.3951660967	55 2861 3
0.3948110555	419 3318
0.3917454695	419 1916
0.3894789607	137 138 6
0.3892094273	537 3668
0.3888471102	167 1608
0.3876646195	4519 219
0.3874249089	137 139
0.3851906025	310 404 6
0.3836413656	861 42
0.3824412888	1314 6806
0.3824119278	43 267 1461
0.3819885334	4 2148 6264
0.3814343866	537 7023
0.3813287063	493 300
0.3811951948	1636 334
0.3776281653	4 5116 5637
0.3764505725	85 152 6
0.3749331322	4 3278 3750
0.3745047092	225 344
0.3725037279	3 4765 7631 18
0.3724773233	167 5540 662
0.3723070965	662 1446 3
0.3707915382	2840 25
0.3704862316	3076 4912
0.3697909521	1224 3448
0.3694366192	23 4188 42
0.3678053313	13912 0
0.3665817597	1823 2138 18
0.3662442698	1672 32
0.3620780606	617 913 617
0.3611043528	404 2815
0.3606065862	104 105
0.3605570776	104 1046 6
0.3605095994	42 861
0.3590626594	317 912
0.3566122427	688 1026 18
0.3564656158	4083 2183
0.3540667440	391 4467 3
0.3535673683	225 3742 6
0.3532532590	23 474 1265 475
0.3530727641	201 3595
0.3530696687	66 3276
0.3530622781	2041 294
0.3523968504	5892 672
0.3508907063	19 2022 3704
0.3506342393	387 861
0.3495309036	23 901 2714
0.3471756622	19 20 1072
0.3447564477	55 4134 6
0.3446829876	81 650
0.3438394557	19 20 3704
0.3424032139	431 874 32
0.3416505935	473 473
0.3410120195	618 619
0.3397120776	3090 11 907 252 443
0.3395241922	2461 3508 6
0.3379949986	1504 11547 6
0.3373664446	537 3602
0.3361875081	104 898
0.3355934452	4 317 859
0.3349563196	1464 1528
0.3342691271	4 5672 1807
0.3337595490	42 24 3
0.3332136196	431 3982 1670
0.3328528705	2379 3050
0.3310349218	1894 201
0.3307749917	1192 638
0.3286624686	8 516
0.3275136581	388 3149
0.3271445397	826 662
0.3266743946	1592 361
0.3252802937	705 3973
0.3247898953	4 6752 1532
0.3243476338	223 1046 6
0.3240753306	4 20 3704
0.3233255351	1021 1491
0.3232466723	4 317 866
0.3227883628	929 1209 18
0.3226532382	3785 3050
0.3215951842	662 547
0.3213765887	5449 6
0.3206024129	4 4622
0.3198050443	1415 0
0.3195889003	1588 0
0.3195560110	104 105 18
0.3181473898	19 20 1052
0.3174766110	2342 96
0.3171872377	317 715
0.3162296879	822 31 1046 6 626 18
0.3160316530	23 721 267
0.3155559318	431 5760
0.3152728142	104 152 6
0.3145544893	1333 741
0.3138877963	8 1046
0.3138462085	607 25
0.3136015267	929 666 18
0.3125248215	1392 944
0.3122315186	662 8
0.3121939385	702 3976
0.3119203584	1413 263
0.3115947953	24 42 43
0.3112634686	78 2537
0.3108939649	4 5 2411
0.3107908182	75 843
0.3098030520	4 317 715
0.3068601646	223 371
0.3034602700	4215 431
0.3033880804	4293 31 81
0.3023821251	693 209
0.3019251549	4 317 912
0.3009923096	167 3717
0.3007071861	4 3361 6 104 603
0.2996397651	42 840
0.2993693962	23 81 650 2040 2041
0.2993563012	23 662 6802
0.2992829725	196 104 1034 271
0.2991228209	104 1145 11
0.2990884530	3048 11 5439
0.2982994499	5434 1153
0.2982821993	18 1823 741
0.2976850592	472 472 473 473
0.2971996714	4689 78
0.2970541155	8251 25
0.2954940731	11 5008 4818
0.2952796524	104 105 78
0.2950516316	277 42
0.2946923162	4 317 277
0.2937518032	1454 638
0.2936229706	54 104 603
0.2934493076	5280 638
0.2927953185	2057 66
0.2917129938	93 826 277
0.2908733408	6266 78
0.2905163876	225 201
0.2902167615	2160 638
0.2899364218	469 323
0.2897235924	4 317 24
0.2896540074	93 55 1462
0.2893953631	1827 18
0.2889248674	2300 25
0.2888765448	354 4211
0.2879413838	404 295
0.2873831688	572 371 43
0.2872740548	32 371
0.2861921547	12758 0
0.2859337555	1028 344 6
0.2852626561	4 2629 2630
0.2850537462	93 55 50
0.2847660525	6 931 1929
0.2821396085	371 2333
0.2815072962	225 344 6
0.2814321178	370 1719
0.2811043016	18 2694 95 2652 2077
0.2806832911	54 104 1082 1604
0.2806227058	23 174 1610
0.2803477024	1490 2041
0.2795299866	1920 638
0.2789001704	93 826
0.2781740825	3143 334
0.2778553034	650 2040 2041
0.2765570285	895 1269 741
0.2758476308	11 646 387
0.2746603825	895 905
0.2738217270	5 986
0.2730040963	6877 11
0.2724793336	981 78
0.2715924751	23 1494 307
0.2710142259	1201 43
0.2706119886	42 407
0.2704295213	23 1807 140
0.2699450496	2379 1285
0.2699156669	2710 1103
0.2695894057	3129 638
0.2676884613	2974 638
0.2675945426	650 627
0.2663132541	3717 2379
0.2658918109	1679 361
0.2657357263	1034 271 3
0.2656847381	4686 78 2537
0.2654164971	2066 209
0.2642744935	1199 11 96
0.2638524112	93 1651 662
0.2635220705	3048 11 1161
0.2629230290	23 174 233
0.2613739777	23 1718
0.2610319871	1350 1352 6
0.2610316193	50 1046
0.2595724832	1467 66
0.2589513176	4 317 534
0.2577885226	3619 638
0.2570706052	1114 392
0.2562131238	1797 2466
0.2548537618	679 342
0.2545435429	23 861 5292
0.2542913601	5286 638
0.2542272829	93 2620
0.2537882410	19 20 4517
0.2519588262	277 42 43
0.2503680768	468 6 114
0.2502578398	834 460 1378
0.2502557133	459 42
0.2496678607	861 893 31
0.2495831856	1094 66
0.2491474020	3072 1341
0.2484720690	3158 78
0.2479184430	759 638
0.2474964592	6772 78
0.2474079900	419 117
0.2471504372	341 342
0.2469741974	105 78
0.2465702466	6383 95
0.2464457857	23 1028 344
0.2454729429	727 638
0.2441402135	10 431
0.2440258385	3076 473
0.2433685599	31 861 2396
0.2432520367	1269 741
0.2432043733	43 267
0.2424407636	3979 199
0.2421343820	164 843
0.2409927566	23 387 469
0.2403745241	1797 962
0.2401549691	406 1476
0.2392624550	55 1462 18
0.2389981726	2500 743
0.2389441842	4 5713 5747
0.2386417523	54 3451
0.2384178474	19 20 1686
0.2382490687	2515 392
0.2379581441	185 42
0.2368448082	608 3076
0.2363706766	196 104 1034
0.2363667577	135 944
0.2349811327	2152 638
0.2349287698	1653 1028
0.2348350538	42 43
0.2329950316	1550 392
0.2328597712	114 204
0.2320637655	460 419 2993
0.2319195134	3076 3050
0.2316432544	459 25
0.2309764492	715 42 43
0.2307054960	672 3786
0.2306262219	4979 431
0.2305973006	164 31 1140
0.2304028370	1430 43
0.2298372644	66 11 848
0.2286310080	19 20 272
0.2274159917	42 779
0.2272162947	384 604
0.2271604151	23 662 267
0.2269766649	4 895 1875
0.2268876467	1160 11 5439
0.2265247300	167 2379
0.2264259528	1916 3
0.2253618544	784 42 43
0.2250901473	94 43
0.2247665602	54 225
0.2240376146	646 1445
0.2240035753	662 1017
0.2233636621	4 8003
0.2227076140	2520 199
0.2227048566	403 3 2025 443 1523 96
0.2226837366	1100 199
0.2214682105	861 766 31
0.2213471593	43 1614
0.2210147756	1331 18 1464
0.2208516241	6 956 1461
0.2207973915	9 302
0.2181838179	4 4337
0.2177700337	18 4506
0.2170212516	1160 11 1161 1162
0.2165220606	4 3058 2137
0.2162482671	168 403
0.2162114952	11 2808
0.2156875213	18 104 603 604
0.2155821138	1138 11
0.2155229471	1444 1445
0.2152594464	866 42 43
0.2150821138	1138 95
0.2144068980	19 20 206
0.2139766360	23 325 1043
0.2136025801	19 2352
0.2134767154	187 334
0.2130463496	1684 11
0.2129151253	744 43
0.2129085493	68 499
0.2127754655	164 4057
0.2124448664	535 334
0.2121271133	23 104 1034 185
0.2110249231	4 518 986
0.2106344392	18 104 1082 1604 490
0.2092166639	18 104 603
0.2089806210	23 174 944
0.2082981502	719 460
0.2081923949	11 2013 43 3097
0.2080227859	4 394 908
0.2074983981	104 341 6
0.2074000098	1857 0
0.2065482442	4 82 627
0.2063650484	259 43
0.2055178055	4 20 1052
0.2045659442	4 11252
0.2042463441	4 104 2749
0.2039730532	104 5162
0.2035178024	167 3076 167
0.2026464397	4 104 2910
0.2026053934	460 1378
0.2021062614	164 905
0.2008383371	302 291 38
0.2007277788	3888 3
0.2006428889	7298 38
0.1997835894	4 662 1610
0.1996555201	371 753
0.1994864923	157 443 568 6
0.1992744652	23 104 1046
0.1989265582	1109 1445
0.1984193132	4 167 5540
0.1982189073	18 104 603 490
0.1980675951	18 257 97
0.1974318453	431 874
0.1973217064	19 10613
0.1973141480	460 461 443 958 3
0.1966360993	104 1034
0.1965823888	387 662
0.1958223636	371 392
0.1954730931	4 3503
0.1950771844	257 2778
0.1943636853	7414 43
0.1943283218	4 387 469
0.1936475633	2494 43
0.1936136891	691 291 38
0.1931103018	4 1265 11
0.1927706867	419 2993
0.1922007113	23 274 715
0.1917439043	4 9134
0.1916858638	2000 11 38
0.1898150878	18 70 302
0.1897295439	4 2035 469
0.1893998242	23 340
0.1891660351	19 2022
0.1890370757	694 43
0.1889315082	4 662 468
0.1885952477	93 8284
0.1882972404	472 2040
0.1881872899	1464 662
0.1878553443	325 11
0.1871913560	94 196
0.1860884826	2142 43
0.1859448928	19 20
0.1859234639	773 1491
0.1858937556	4 861 893
0.1858833719	419 412
0.1856589447	4 1056 201
0.1855705076	1445 1556
0.1851240296	11 8441
0.1849774942	4 662 3222
0.1849214840	650 2040
0.1835694439	1643 11
0.1835560215	1070 199
0.1824973443	1750 88
0.1815642794	459 0
0.1814427855	826 277
0.1807952923	4 233 244
0.1806959078	1542 199
0.1806092605	95 4796
0.1805177952	4 662 201
0.1803875609	1571 66 0
0.1803810836	4438 43
0.1799332520	1109 354
0.1797743300	1533 460 1697
0.1796458326	4 333 1551
0.1788154673	662 66
0.1787322116	5573 6
0.1783083584	385 443 368
0.1780708820	23 225 3313
0.1776648977	369 370
0.1774261754	19 1051
0.1767961754	568 6 1213
0.1762700066	93 181
0.1757880043	24 11
0.1746425472	825 638
0.1743156374	369 76
0.1740235504	8019 11
0.1737623957	584 43
0.1733555079	1070 392
0.1730289331	23 311 662
0.1729957452	3942 95
0.1727589729	1807 140 6
0.1725206528	4 11098
0.1723373672	410 638
0.1723337204	3054 11
0.1722949650	23 1571 1904
0.1720533021	431 1913
0.1719654884	7482 11
0.1719367625	521 11
0.1710317876	25 838
0.1700973032	66 1593
0.1694669868	936 0
0.1691600971	1129 199
0.1691179718	25 662
0.1690028023	3770 6
0.1682776468	279 291 38
0.1677356345	913 617
0.1675743949	23 681 715
0.1672354692	93 2839
0.1670382401	93 977
0.1669764626	1291 66
0.1669494831	145 11
0.1669381739	3913 0
0.1662957496	18 70 97
0.1654118733	346 870
0.1650700877	6 51 404
0.1650413221	419 990
0.1646175658	23 662 468
0.1644313737	8024 3
0.1642261264	862 11
0.1641546512	70 2395
0.1640552596	59 11
0.1638784216	518 6
0.1634669824	468 6
0.1627314746	986 66
0.1626945295	18 104 1082 1604 391
0.1622735384	709 43
0.1619775597	556 638
0.1618856327	2344 11 1161
0.1616758491	1428 196
0.1616635615	2503 392
0.1613659742	188 43
0.1607934194	6 662 1446
0.1603513839	715 3
0.1603262716	93 1919
0.1602045274	201 0
0.1601700201	6370 11
0.1596328042	1756 392
0.1594768862	23 311 277
0.1590086062	1550 199
0.1588338488	25 43 267
0.1587004048	25 469
0.1586373698	2798 11
0.1583687618	3109 431
0.1583229421	135 2411
0.1579035239	3745 392
0.1576506477	679 392
0.1565562235	662 25
0.1563823375	6 104 603 1330
0.1558878544	1577 199
0.1555384936	2743 18
0.1553652120	1607 392
0.1548036628	23 104 105
0.1547759975	204 43
0.1544713498	4181 11
0.1544363554	1957 25
0.1543645381	201 392
0.1542318017	3697 392
0.1540770729	526 66
0.1533943038	23 104 152
0.1533564868	834 460
0.1533497418	4 3659
0.1529377773	3955 199
0.1526526418	4 5 569
0.1526373698	7762 6
0.1524829602	70 1476
0.1518012972	1289 11
0.1517881709	10331 11
0.1516242505	38 419 38
0.1509250389	4 1034 185
0.1506206245	19 5313
0.1505463831	11106 18
0.1502844657	822 31 1046 6
0.1501692023	1622 43
0.1500578339	385 88
0.1496894353	368 869
0.1496688844	1680 11
0.1494553080	252 0
0.1493925796	1150 199
0.1492758520	11254 6
0.1490975374	18 843 11 1174
0.1489916387	3 2469 6
0.1487208146	6 662 97
0.1486051821	4 550
0.1485204498	135 4223
0.1480803059	54 2098
0.1480280808	1127 334
0.1480100478	1445 334
0.1479775633	209 11 1564
0.1475445876	1341 990
0.1471478017	93 1651
0.1467407919	2147 11
0.1465523861	1676 11
0.1465045241	209 11 1618
0.1462083942	4 572 371
0.1454809049	4590 38
0.1451062189	4112 95
0.1447741838	2314 11
0.1447399319	1411 43
0.1447250533	1533 460
0.1446491860	31 1140
0.1443547308	43 388 6
0.1443242510	6301 95
0.1442614570	4 10701
0.1438975215	4 257 3074
0.1438533770	25 32
0.1438249720	4 3297 6
0.1435657886	4 1224 5007 43
0.1435245408	320 662
0.1433697123	1444 419
0.1429888154	1160 11 1161
0.1427716820	164 76
0.1421583053	4 1771 6
0.1421583053	4 371 6
0.1418277286	2765 431
0.1417661178	3831 392
0.1415681178	4 3137 569
0.1414291241	34 691
0.1413504283	307 43
0.1413499409	2694 95
0.1412309904	273 196
0.1408919386	4 371 378
0.1406409427	4 5593
0.1405632573	2275 6
0.1404991130	2733 11
0.1403624838	11 2348
0.1401217031	54 1707
0.1399834334	4 104 603
0.1398916387	443 11 5009 11
0.1392082722	82 42 43
0.1390181586	4245 95
0.1388969060	2913 199
0.1386956347	19 140
0.1386230977	479 199
0.1385160840	2952 638
0.1381769698	31 3223
0.1375368417	344 6 354
0.1373513827	300 42
0.1369018733	0 43 267
0.1368249720	4 548 6
0.1368249720	4 2714 6
0.1367688931	19 499
0.1367039717	1392 784
0.1364509723	34 784
0.1364380383	225 1687 6
0.1359597235	93 265
0.1359499254	10120 38
0.1359190266	4686 2163 6
0.1357772716	54 1269
0.1356918707	300 2016
0.1354765280	1717 38
0.1349316539	250 78
0.1345872463	1392 46
0.1339460687	273 11
0.1338859710	18 1713
0.1336585506	1455 95
0.1330884765	93 2878
0.1329722861	167 3717 167
0.1325601313	583 11
0.1325333252	162 662
0.1323648686	255 95
0.1323168877	6797 31
0.1318656186	6014 638
0.1317036525	344 6
0.1317003158	54 325
0.1314250587	11 695
0.1307564308	10 11
0.1304859019	18 54 104 603
0.1303752309	419 1916 11
0.1303155247	1859 25
0.1301787521	19 4867 31
0.1299591612	93 100
0.1299573723	7425 38
0.1298981674	209 11 326
0.1297280361	93 1750
0.1295730681	3 10529
0.1295483378	300 891
0.1292201752	11 856
0.1291787910	167 3076
0.1291501659	11 844
0.1286778073	42 404
0.1282118616	4 12868
0.1281668841	66 3313
0.1281294401	384 773
0.1279298651	368 453
0.1279081146	96 1807
0.1270696429	4 3361
0.1270553198	3 43 267
0.1267825104	864 38
0.1264128396	9296 18
0.1259738020	96 97
0.1258916387	95 1365 11
0.1258916387	4 627 6
0.1258916387	4 233 6
0.1253625950	1740 392
0.1252637399	368 826
0.1249316539	1550 560
0.1249135595	964 392
0.1248916387	4 1937 6
0.1247949865	204 199
0.1247770028	2314 11 630
0.1246933894	5527 11
0.1246472809	11 1174
0.1246248811	34 149
0.1245863320	277 3
0.1240814689	23 1187 1462 18
0.1239391361	368 325
0.1237440076	11 5622 95
0.1236529987	691 3
0.1232534781	2348 11
0.1232368102	4 10513
0.1223963450	1493 1550
0.1219408882	1691 11
0.1217512099	23 2902 6 1159
0.1216371816	11248 11
0.1216178498	1438 11
0.1214260378	1970 199
0.1212619320	921 11
0.1209248266	2841 25
0.1209143940	834 460 1697
0.1205563254	54 1176
0.1204113689	4777 11
0.1200139947	19 24
0.1199501455	23 311
0.1199332039	23 40
0.1195928873	473 672
0.1195912545	34 602
0.1195504593	1247 11
0.1192659808	1196 1445
0.1191825784	209 11 4739
0.1190888344	2107 6
0.1189737910	2021 6
0.1189392055	2579 6
0.1189227661	257 934
0.1188029673	4 15345
0.1187990023	672 1508
0.1186820433	11 1445 1556
0.1184342176	93 5206
0.1183365939	18 13028
0.1180192718	575 11
0.1179709988	93 1323
0.1176790386	550 6
0.1173422313	23 1733
0.1173248289	6011 11
0.1172739800	11 3082
0.1169119279	4 1413 263
0.1168953484	522 1138
0.1168628972	19 277
0.1165370630	18 104 1082 1604
0.1165005129	1431 11
0.1163263230	4 66 11
0.1162248099	454 455
0.1160735467	4 11277
0.1158059510	1199 11
0.1155968066	93 845
0.1155698529	2066 209 18
0.1154385130	3742 6
0.1153667194	2897 78
0.1152599851	93 814
0.1146294717	18 1344 6
0.1145562137	5 31 30 6
0.1142875622	354 192
0.1141140815	93 3187
0.1140827235	19 45
0.1140294386	291 271
0.1137927228	830 6
0.1134076998	4 46 1984 6
0.1130740263	2406 11
0.1130097396	2163 6
0.1127794376	211 199
0.1127654172	912 3
0.1126954981	524 431
0.1125886991	25 1339
0.1124521474	627 291 38
0.1124166016	152 6
0.1123418047	11 1002
0.1122332680	404 392
0.1121294717	18 843 11
0.1120766195	23 1034 185
0.1119864414	291 38
0.1118659445	4 8728
0.1114165950	834 1797
0.1111962292	11 2907
0.1109444532	1449 18
0.1107492633	3 4187
0.1106790670	1046 6
0.1102713562	2189 95
0.1099803406	4 3361 6 104
0.1099629849	311 3595
0.1098509363	104 1082
0.1098195297	385 1551
0.1097185130	2226 6
0.1096728820	1436 392
0.1093165898	257 1750
0.1093032545	2344 11
0.1092909692	93 2878 6
0.1092478470	11 1957
0.1092189170	23 1415
0.1090476622	289 6
0.1086009729	4 1218
0.1084909918	162 407
0.1082034921	4 1851
0.1080294145	32 66
0.1078942714	4 3891 6
0.1078887914	6328 38
0.1076524471	3097 443
0.1076397221	25 223
0.1076325631	2567 11
0.1074006775	1080 43
0.1071787521	18 10019 95
0.1070522770	410 6
0.1069457769	34 490
0.1069434026	4 104 986
0.1068073852	11 3609
0.1067348626	11 1564
0.1066360702	1683 334
0.1065277158	138 95
0.1064707705	5433 199
0.1063886201	2138 18
0.1062347059	54 174
0.1058178201	23 274 5
0.1054350814	1196 368
0.1052065261	6296 6
0.1050056797	1549 11
0.1048218478	23 472 2040
0.1046770651	135 354
0.1046473540	866 3
0.1044288817	23 104
0.1042608099	4 7072 6
0.1040402570	377 535
0.1037796387	18 843 11 2500
0.1037367690	1145 11
0.1036200191	4 112 162 662
0.1033882759	1797 38 11
0.1031787521	18 9708 6
0.1030726608	666 18
0.1030045177	423 6
0.1028435065	23 45
0.1026686410	6 14380
0.1025783326	753 929
0.1025603772	7301 11
0.1025283273	23 140
0.1025065204	11 545
0.1024830806	3079 18
0.1024686580	23 2780
0.1024019010	18 1800
0.1023685301	93 5174
0.1022798355	5279 199
0.1022465830	18 1021
0.1021606533	93 55
0.1020509322	31 5434 1153
0.1019447581	1916 11
0.1017252512	985 6
0.1015218064	6 300 150
0.1013065612	6 9465
0.1011590736	18 843 11 346
0.1011446737	773 1021
0.1009979934	431 4373
0.1009857518	93 2231
0.1008969745	82 3
0.1008233179	2819 199
0.1007323384	4 104 1082 1604
0.1006054334	5658 95
0.1003254444	304 199
0.1001358099	4 2085 6
0.1000566376	3224 6
0.0999791003	23 1594
0.0999764546	859 3
0.0998961714	16 11
0.0995635567	167 2379 167
0.0993863519	157 1392
0.0993716003	9454 6
0.0993089880	209 11
0.0991787521	18 1005 95
0.0991339062	23 3055
0.0990877669	4211 6
0.0989652106	34 697
0.0988101608	1284 18
0.0987504640	419 3
0.0987145951	6 3175
0.0985499628	1130 385
0.0985219642	23 5258
0.0984641107	23 1212
0.0981669593	5874 43
0.0981610554	4171 431
0.0981532484	4268 199
0.0980716125	11 8079
0.0978373666	623 6
0.0975762865	2335 6
0.0973570874	2066 209 3
0.0972902970	23 225 344 6
0.0972658910	4 7668
0.0970526363	31 460
0.0966325814	2859 25
0.0965875335	209 11 662
0.0965570963	4 5572
0.0963897996	11 4573
0.0961787521	18 410 11
0.0961130089	3259 18
0.0960952870	323 291 38
0.0957863104	3294 196
0.0957702698	444 11
0.0956839336	162 354
0.0956222382	3294 199
0.0953977666	4153 6
0.0953154408	34 883
0.0951358099	4 1846 6
0.0950745854	4 84 6
0.0949350031	93 5255
0.0948555726	453 25
0.0948352935	19 464
0.0948330469	4 1524 6
0.0948330469	4 1102 6
0.0947750719	354 3595
0.0947514779	23 721
0.0947455822	54 387
0.0947252512	1306 6
0.0946637772	1805 11
0.0945559940	412 199
0.0943718649	5488 31
0.0941995854	4 1467 6
0.0941995854	4 1284 6
0.0941995854	4 491 6
0.0941888962	11 107
0.0941787521	4 2016 6
0.0940745854	4 856 403
0.0940379358	727 18
0.0940076151	3855 6
0.0939521596	93 679
0.0938958298	629 11
0.0937775269	23 7948
0.0937162607	1817 199
0.0936526798	369 333
0.0935460877	431 662 66
0.0934718733	784 3
0.0934373092	23 1010
0.0931995854	23 1004 6
0.0931995854	4 24 6
0.0931787521	23 1091 6
0.0930630304	534 3
0.0929758076	4 2667
0.0926698614	54 55
0.0925153287	5 3
0.0924899846	1045 43
0.0924048248	23 4367
0.0923949623	4 4457
0.0923148482	2760 18
0.0922280718	23 274
0.0921995854	4 2969 6
0.0921995854	4 986 6
0.0921995854	4 53 6
0.0921358099	4 1170 6
0.0920745854	4 534 6
0.0920745854	4 3179 6
0.0919763977	23 2544
0.0918764717	19 403
0.0918688083	11 662
0.0918480413	6841 18
0.0918457506	3872 95
0.0917005601	4 8549
0.0916166887	333 1111
0.0915546218	368 630
0.0914469663	25 5
0.0912691340	11 2500
0.0912123838	3201 199
0.0911787521	4 843 6
0.0911358099	4 1185 6
0.0910873030	11 3561
0.0910745854	4 1669 6
0.0910500501	23 267
0.0909459471	7775 199
0.0908763923	54 104
0.0908173892	2494 6
0.0907295361	11 2431
0.0907207415	18 843 11 844
0.0906158062	209 38
0.0905647862	2764 11
0.0903284080	766 25
0.0902282783	93 2324
0.0901995854	4 362 6
0.0901995854	4 259 6
0.0901995854	4 1508 6
0.0901995854	4 149 6
0.0899387636	243 6
0.0899140739	2324 11
0.0898487456	34 1591
0.0897221197	23 2330
0.0896575725	19 2564
0.0896084466	371 43
0.0895952828	11 7077
0.0895455870	93 712 6
0.0895385694	11 359
0.0895297855	4 225
0.0893766582	54 1750
0.0892557741	3557 11
0.0892226461	93 572
0.0890563545	54 1028
0.0889691249	11 646
0.0887060658	18 1733
0.0886297470	23 1065
0.0885726932	4 66 11 848
0.0885116936	368 55
0.0884725963	70 741
0.0882651332	11 1247
0.0882463032	2537 3
0.0882303827	4 14983
0.0882070223	43 6774
0.0881107326	34 323
0.0879412636	18 843 11 646
0.0875860371	368 31 368
0.0875569317	93 715
0.0875461816	759 95
0.0874144528	311 149
0.0874019845	2470 6
0.0873006107	460 5230
0.0872885694	11 976
0.0872440795	301 25
0.0870581633	23 274 24
0.0869332039	1130 3
0.0869253769	1679 368
0.0868907845	402 18
0.0868105709	2869 11
0.0866662252	407 6
0.0864968134	93 7073 6
0.0863743709	23 1043
0.0862871311	461 11
0.0862605177	11 4402
0.0861284054	311 490
0.0859799183	11 1618
0.0859413559	23 2541
0.0859171613	1428 6
0.0856634031	19 1045
0.0856381799	460 1913
0.0855812710	4 4293
0.0854634895	368 1033
0.0854222985	3595 6
0.0853042731	23 1350 1352 6
0.0849778639	66 1221
0.0847061650	19 391
0.0847048683	307 199
0.0846940407	11 1666
0.0846216117	34 371
0.0844981331	3 25 43
0.0844232155	1130 95
0.0843230574	4 2352
0.0842611115	331 6
0.0841453095	11 326
0.0839919008	10309 3
0.0839749748	311 5
0.0839649626	1348 78
0.0838766387	209 11 3561
0.0837922992	570 18
0.0835305038	4 164 4057
0.0835101223	11 346
0.0834324751	23 1807
0.0829429551	93 3226
0.0829281229	1756 18
0.0828037617	209 3
0.0827929851	311 932
0.0826188004	4143 11
0.0825825186	1793 3
0.0825807732	870 223
0.0825032757	3196 43
0.0824264061	4 2952 638
0.0822132392	114 753
0.0820839277	1948 11
0.0820016601	34 188
0.0819240223	2389 6
0.0818777227	23 464
0.0817511976	443 705
0.0813848578	6 1429
0.0813753632	11381 11
0.0811870102	4 239 162 662
0.0809846391	11 1666 31 662
0.0809052256	460 1130
0.0808814996	23 15
0.0808039785	221 291 38
0.0806138825	4 895 1269
0.0805812507	93 1218
0.0805473546	11 982
0.0804395320	4 257 1750
0.0804261577	4 96 6
0.0801778286	3634 11
0.0801553281	93 1880
0.0801505352	323 392
0.0800628076	34 408
0.0799928738	278 196
0.0797823467	4 895 1269 741
0.0796883475	23 277
0.0796512897	311 277
0.0796476434	34 840
0.0795644433	93 5300
0.0795283260	93 952
0.0794426232	11 1445
0.0793239964	11 1547
0.0792515193	398 6
0.0792267212	878 18
0.0791332382	19 912
0.0791275907	23 104 152 6
0.0791138052	3749 11
0.0790946025	3228 11
0.0790659079	3 1056 31 32
0.0789651067	4 499 6
0.0786353368	559 95
0.0784994222	1123 18
0.0784839225	25 43
0.0783465136	38 857
0.0782980848	18 257
0.0782829266	4 257 55
0.0781567904	3805 6
0.0780474770	311 715
0.0778461302	2249 199
0.0777526195	43 5569
0.0777444656	4 4709
0.0777058601	251 6
0.0776739292	4164 95
0.0775648907	1328 3
0.0775170688	4 624 6
0.0774525599	18 300 301
0.0773926800	23 839
0.0773702257	2098 11
0.0773409003	202 235
0.0773288344	3400 6
0.0773109785	6 139
0.0771976328	4 3151
0.0771686966	25 199
0.0769960917	4 1532 6
0.0768164674	1521 11
0.0768029542	368 1374
0.0766524281	870 371
0.0766472325	1201 6
0.0766305017	23 3188 6
0.0765749520	4 1159
0.0765290150	4 3926
0.0763911959	6691 11
0.0763489752	1096 431
0.0762527084	299 18
0.0762379768	23 1509
0.0762241073	274 5
0.0761509893	354 623 6
0.0760567734	34 608
0.0758981194	4 642 932
0.0757801299	241 6
0.0756892561	368 347
0.0754755660	11 5939
0.0753733511	384 104
0.0753605966	93 3640
0.0752962603	209 11 203
0.0752441662	23 1897
0.0752190880	291 0
0.0752094051	311 24
0.0751891930	4 141
0.0751647754	629 199
0.0751228454	1527 18
0.0750874999	460 580
0.0749786955	24 867
0.0749462508	162 140
0.0747341315	54 104 1082
0.0746197678	93 2064
0.0745383805	311 1111
0.0744383099	19 2394
0.0743188388	1391 6
0.0742562988	250 443
0.0741967477	1957 0
0.0739994471	11 6253
0.0739857572	11 7980
0.0739312991	1130 18
0.0738235630	93 615
0.0737792602	4 223 6
0.0737759843	11 343
0.0737509174	4 1451
0.0736939205	169 97
0.0736563959	18 2505
0.0736172114	202 94
0.0735922105	30 6
0.0735850298	34 1111
0.0735810165	4810 6
0.0733933812	4 662
0.0733760327	23 82
0.0732971983	11 1649
0.0723687122	66 1937
0.0723587991	164 6
0.0723256024	4 344
0.0723046848	93 282
0.0722909025	34 1446
0.0721487125	11 631
0.0720548417	385 2906
0.0720331887	679 78
0.0720261020	311 534
0.0719754493	66 1746
0.0719369075	199 1915
0.0718285808	34 606
0.0717079755	34 2192
0.0717077877	202 990 38
0.0716764050	4 104
0.0715023332	202 1160 11 1161
0.0714418788	3120 6
0.0714277662	1160 11 1161 157
0.0713928211	1445 223
0.0712315758	4 257 934
0.0712269084	167 650
0.0711027277	1130 11
0.0710913457	3600 392
0.0710359757	23 5572
0.0709929299	24 3
0.0708463965	11 3166
0.0707677665	368 1750
0.0706746434	672 1790
0.0706530901	7335 6
0.0706136324	93 398
0.0705759659	1847 6
0.0704403707	3418 6
0.0704096088	4 3040
0.0703599026	2763 3
0.0701947493	23 3541 6
0.0701587160	23 4148
0.0701530211	568 6
0.0701191238	11 3219
0.0699969184	368 334
0.0698907882	23 1283
0.0698600108	4 82
0.0696738433	4686 78
0.0696020880	5967 6
0.0696009203	6 936 0
0.0695024444	93 2016
0.0695022221	1720 11
0.0694451070	11 1568
0.0694104236	1392 354
0.0693295090	1352 392
0.0693290449	679 43
0.0692700352	93 250
0.0690897402	2392 11
0.0690896253	3349 392
0.0690309609	104 78
0.0690278941	34 114
0.0689540128	19 715
0.0689212195	93 2900
0.0685797391	2016 3
0.0683783692	368 1594
0.0681130266	11 7410
0.0680657541	18 354 192
0.0680010510	6 516 18
0.0679535843	11 5622
0.0677512421	6454 6
0.0676918418	377 202
0.0675845310	4134 6
0.0671779163	2040 167
0.0670103206	4 344 6
0.0669737381	5576 18
0.0668247256	202 11
0.0665705793	2145 6
0.0664394838	4274 6
0.0663830553	285 6
0.0663323056	38 40
0.0663057136	5494 11
0.0662986935	4 569 6
0.0662814039	11 8642
0.0662575385	2423 6
0.0662541838	93 299
0.0662518169	23 3125
0.0662001015	2243 392
0.0661167322	1508 18
0.0660955776	278 199
0.0660602706	257 55
0.0660159368	135 901
0.0660140211	460 1109
0.0659764038	7973 6
0.0659623052	3 3895
0.0658975112	4 25 18
0.0658449694	11 1606
0.0658275907	23 755 6
0.0657634914	318 392
0.0657538887	412 38
0.0656887673	23 1331 18
0.0656352293	157 97
0.0656162504	4050 6
0.0655209862	11 2500 743
0.0653855114	93 1891
0.0652347758	1592 368
0.0651987258	23 1284
0.0651830779	135 1111
0.0651615050	282 392
0.0651293646	23 1623
0.0651168257	8777 11
0.0650967471	476 199
0.0649932416	45 43
0.0649641666	11 4649
0.0649490782	11 138
0.0649008626	23 164
0.0648745336	93 24
0.0647148327	184 6
0.0647011027	6025 6
0.0646291204	431 861
0.0645720997	4 5
0.0645491822	11 836
0.0645204287	167 1082
0.0644814400	6997 11
0.0644221193	11 1444
0.0643622425	114 3
0.0643203807	38 1138 11
0.0642935954	93 543
0.0642604966	93 712
0.0642248061	516 18
0.0640860353	1994 11
0.0640422581	883 18
0.0639643774	3349 199
0.0639382928	3179 3
0.0638430131	135 741
0.0638387859	11 2093
0.0637312714	66 43
0.0636152238	19 569
0.0636047831	23 1028 344 6
0.0635681237	90 11
0.0634814400	1040 11
0.0634178309	23 662
0.0633976616	209 18
0.0633421783	311 3595 6
0.0632905573	3493 95
0.0632790704	23 11163
0.0632784055	4 223
0.0631488294	4 1525
0.0631260497	4 5169
0.0631121221	4 13472
0.0631118093	202 204
0.0630042525	93 884
0.0629647741	18 843 11 662
0.0629577820	5647 11
0.0629549852	19 866
0.0629147145	9474 11
0.0628932049	4 8458 6
0.0628133276	862 431
0.0628127074	4 5 6
0.0627631953	4 2400
0.0627511519	4 1440 6
0.0626889557	34 302
0.0626609273	3671 6
0.0625860110	2631 43
0.0625769275	11 6715
0.0624201189	408 3
0.0622803995	10179 6
0.0622550306	11 3282
0.0621718461	4 635
0.0621609240	4 795 6
0.0620942603	4 1633 25
0.0620204270	1614 6
0.0619853365	1103 1056
0.0618526173	114 431
0.0617895928	23 3074
0.0616018882	19 2505
0.0614851728	1669 11
0.0614379337	4 1643 6
0.0614316585	4 499
0.0614205426	1057 11
0.0614033686	19 548
0.0613458384	4 2848
0.0612499552	4 2494 6
0.0612173990	23 88
0.0611546597	23 901
0.0610948619	4 7985
0.0610798404	11 309
0.0610321091	23 1352 6
0.0609118947	23 225
0.0609025895	93 3079
0.0608973772	19 1067
0.0608710596	31 454
0.0608338722	2904 6
0.0607928186	199 331 6
0.0607541427	2255 43
0.0606543342	795 43
0.0604924682	972 368
0.0604598860	11 809
0.0604330040	135 784
0.0603973100	93 30
0.0603365152	628 6
0.0603149242	6946 11
0.0603092670	6 7439
0.0602544168	11 5363
0.0602544168	11 1996
0.0601813348	4 188 6
0.0601698645	4 1935
0.0601609240	4 648 6
0.0601265431	38 2349
0.0599642833	4908 6
0.0599062579	93 1120
0.0597230576	4 1413
0.0597224793	273 38
0.0596759456	2906 6
0.0592562291	93 1046
0.0591513775	4 2321 6
0.0590538443	188 6
0.0590025478	82 6
0.0589416941	11 3238
0.0589206531	202 1648
0.0588363761	204 431
0.0588254444	376 6
0.0587671769	3953 199
0.0587206174	11 5286
0.0586601566	1277 3
0.0585210991	209 11 1444
0.0585004533	4216 392
0.0584973298	274 24
0.0584920123	38 419 38 3
0.0583737344	11 3967
0.0583442889	4139 6
0.0583386224	2331 3
0.0583171713	23 1179
0.0582956598	990 3
0.0582524478	4 1451 66
0.0582451335	2398 11
0.0581792913	55 3
0.0581347871	5622 95
0.0580863169	209 11 1174
0.0580472331	93 1528
0.0579854412	460 1130 11
0.0578698033	11 1556
0.0578629280	23 548
0.0578284504	23 3068
0.0578253290	264 392
0.0578228896	23 311 24
0.0576971073	1005 6
0.0576356000	4 2342
0.0575829933	2728 43
0.0575613392	1081 43
0.0575331235	4 2763 3
0.0574238869	23 931
0.0574215616	261 6
0.0574194211	1919 6
0.0574072469	11 907
0.0573359606	516 95
0.0573156681	1009 6
0.0573040697	1687 6
0.0572429396	23 274 24 11
0.0571725423	11 5186
0.0571281387	2321 6
0.0571205762	5 199
0.0571195070	93 2324 11
0.0571126480	93 1201
0.0570203385	23 448
0.0569610509	377 202 11
0.0569606446	23 2763
0.0569497303	23 1028
0.0569456352	42 1464
0.0569386519	23 1009 6
0.0569254871	4 642
0.0568766183	2461 6
0.0568187941	23 370
0.0567961363	2309 6
0.0567663082	19 1102
0.0567581015	2755 11
0.0567565899	467 18
0.0567321352	23 547
0.0567270922	11 406
0.0566707828	11 5345
0.0566590811	2112 11
0.0566484417	4 2430
0.0566030912	4 5116
0.0565893797	11 1639
0.0565349025	4 2076
0.0564448615	705 368
0.0563740476	11 849
0.0563319648	2936 392
0.0563274635	4 3079 18
0.0562811988	330 333
0.0562346716	1547 3
0.0562178735	19 1043
0.0561295737	4169 11
0.0560736241	4 25
0.0560510113	6 425 11
0.0560318908	4 1067
0.0559978143	11 4536
0.0559926917	4088 11
0.0559848745	18 843
0.0558566157	2267 11
0.0558142502	295 3
0.0557582766	11 4713
0.0557210713	11 5912
0.0557042828	43 1016
0.0556777138	3778 11
0.0556473724	2488 6
0.0556196634	4 5601
0.0555803074	547 11
0.0555792699	11 82
0.0554659094	93 1918
0.0553828874	2515 199
0.0553737344	11 1969
0.0553704309	4 970 6
0.0553403598	469 6
0.0552930026	4 407 6
0.0552510603	23 1269
0.0552403598	341 6
0.0552046277	4312 6
0.0551764660	19 884
0.0551691246	4 1043
0.0550898705	460 514
0.0550552780	202 1160 11
0.0549865796	2362 6
0.0549304310	2327 199
0.0548086783	93 1016
0.0547342636	499 38
0.0547246426	4 46
0.0546780467	715 95
0.0545960288	3 32 6
0.0544160294	4 1226
0.0543531569	317 25
0.0543155891	34 1080
0.0542416480	31 425 11
0.0542146690	5 6
0.0542019820	199 3206
0.0541362838	2398 638
0.0541347457	458 6
0.0541215919	3892 6
0.0540680441	4 1097 6
0.0540088623	11 6710
0.0539658091	4 2313
0.0538991020	1358 11
0.0538565265	2861 6
0.0536851019	444 3
0.0536802538	139 18
0.0536358771	23 3446
0.0536344412	568 18
0.0535750268	402 43
0.0534518693	9168 18
0.0534415153	23 174
0.0534349994	1151 11
0.0534345299	19 892
0.0534180928	11 1380
0.0534121527	4 282
0.0533733077	23 4881
0.0533658939	23 104 341 6
0.0533621337	4 4995
0.0533485152	93 310
0.0533336750	443 460
0.0531450119	93 648
0.0530498151	11 4483
0.0530256249	1818 43
0.0529928281	4 662 66
0.0529215223	4 892 6
0.0529107840	23 1504
0.0528891092	93 441
0.0528668586	7301 3
0.0528379882	307 196
0.0528248770	11 96
0.0527923195	23 518 6
0.0526691309	23 1350 1009 6
0.0526205872	2903 43
0.0525463897	104 1968
0.0525298254	23 1571 66
0.0524905338	23 929
0.0524794297	11 1952
0.0524705206	11 1161 157
0.0524510856	18 104 1082
0.0524222231	354 1111
0.0524190913	322 11
0.0524005793	11 4643
0.0523669530	8446 3
0.0523056384	4 3418
0.0522634141	23 387
0.0521074251	11 1755
0.0520844852	23 468 6
0.0519778775	18 300 150
0.0519677863	223 6
0.0519269934	93 1050
0.0519013775	4 1221 6
0.0518042996	404 95
0.0517953359	1397 6
0.0517193778	460 419
0.0517021488	93 1857
0.0516900585	4 248
0.0516174696	11 2176
0.0516021578	1997 43
0.0515993254	23 969 6
0.0515954131	377 1130
0.0515507424	23 15 6
0.0515436528	18 1535
0.0515003869	322 3
0.0514264334	202 1059
0.0514220613	11 2546
0.0514168428	135 3595 6
0.0513987797	4 164 66
0.0513337875	11 59
0.0513201699	38 3557
0.0512494696	4 1776
0.0512039932	11 1679
0.0509760759	11 4018
0.0508548933	157 6
0.0508344223	19 1807
0.0506507340	4 1201 6
0.0505608173	23 277 11
0.0505499327	4429 392
0.0505247592	31 1797
0.0504321724	3 3407
0.0503357133	93 1806
0.0502636630	1385 6
0.0502140929	19 859
0.0502024669	838 6
0.0501115494	6 626 18
0.0500726155	4 164 385
0.0500403180	1097 43
0.0500198410	27 3
0.0499626168	368 2778 11
0.0499363021	23 25
0.0498524654	18 2694 95
0.0498228210	23 1847
0.0497623966	294 6
0.0493744116	23 920
0.0493294353	199 2154
0.0492419174	24 95
0.0491256723	303 3
0.0490151310	4 2550
0.0489819621	23 25 3
0.0489512323	93 1421
0.0489109819	25 3
0.0488731915	199 4671
0.0488136519	4 1621 6
0.0488054310	4070 38
0.0487918504	4 317
0.0487916458	2165 11
0.0487687921	31 514
0.0487417930	4 317 25
0.0487417837	38 568 6
0.0486964142	499 6
0.0486852442	629 3
0.0485814169	93 704
0.0484419934	460 219
0.0482943673	4 3361 6
0.0482530123	4 3027
0.0480992415	4 407
0.0480903602	4 1067 6
0.0480747120	11 5971
0.0480593398	3877 6
0.0480520133	11 524 3
0.0480085701	1805 3
0.0480001544	1687 6 66
0.0479517815	133 6
0.0479230848	403 6
0.0479049544	31 1797 43
0.0478826896	825 95
0.0478783827	23 682
0.0478432891	11 2179
0.0477937133	629 196
0.0477274835	990 38
0.0476394273	4 6752
0.0473389910	93 1539
0.0473151043	4271 18
0.0473109701	1462 18
0.0472730094	3 1918
0.0472495945	93 1784
0.0471233173	4 5255 6
0.0471215223	23 1005 6
0.0471013377	11 4192
0.0470826475	19 3658
0.0470620270	3398 11
0.0470070382	1519 3
0.0469500194	93 1197
0.0468548933	31 368
0.0468254191	4 1807
0.0467946789	4 5679
0.0467531102	11 1169
0.0467419575	4 3398
0.0467159975	93 24 11
0.0467137090	377 460
0.0466706598	11 203
0.0466654373	31 8852
0.0466467327	18 1713 11
0.0466320854	11 621
0.0466156899	11 996
0.0466127536	4 5880
0.0465989588	157 40
0.0465754427	1026 18
0.0464347508	19 88
0.0464190965	8223 6
0.0463974293	23 325
0.0463856425	235 11
0.0463656881	11 2428
0.0463545196	4 3296
0.0462978507	2000 11
0.0462817978	637 11
0.0462359684	419 43
0.0461896909	4 468 6
0.0461510675	1130 43
0.0461218207	1408 6
0.0461095425	11 3344
0.0461019350	4982 6
0.0460789703	164 66
0.0460442654	45 18
0.0460266831	959 3
0.0459957323	4 4352
0.0459387820	2121 6
0.0459129702	93 345
0.0459074190	11 1276
0.0458618228	1130 431
0.0457866838	2082 6
0.0457847286	23 870
0.0457755402	11 4434
0.0457324973	403 18
0.0456269625	277 11
0.0456230905	31 202
0.0456152704	300 25
0.0455776703	23 2727
0.0455503921	3058 6
0.0455397116	4 570 6
0.0455341162	23 578
0.0454366508	23 137 138 6
0.0454049544	11 403 95
0.0453590564	101 3
0.0453364348	1918 6
0.0453295064	4 1535
0.0451999137	4 434 6
0.0451409992	6 8141
0.0450779254	1080 95
0.0450479527	273 18
0.0450162633	23 344 6
0.0450129446	23 1182
0.0449897798	10214 6
0.0449670525	5543 6
0.0449077235	94 95
0.0448733794	23 2040
0.0448538547	4 4529
0.0447769649	4 2952
0.0447723760	23 951
0.0446836461	4 2674 6
0.0446187054	23 1535
0.0446131285	11 2801
0.0446099864	219 18
0.0445744126	23 1480
0.0445484047	209 1103
0.0444971982	4 2475
0.0444919754	766 6
0.0444709792	4 2226 6
0.0444631758	884 6
0.0444337603	11 2764
0.0444198431	23 39
0.0444104564	250 95
0.0443198167	4 1933
0.0443194830	23 2331
0.0442664411	460 4464
0.0442596716	697 3
0.0442460101	4 744
0.0442410845	4 752 6
0.0442005684	93 2347
0.0441434529	40 199
0.0441376937	770 6
0.0441302298	1957 3
0.0441106693	4 5823
0.0441013377	11 1180
0.0440371500	317 199
0.0439960216	18 1305
0.0439145132	4 237
0.0438716096	11 3615
0.0438656983	4467 3
0.0438576182	2763 11
0.0438441810	4 5255
0.0438243668	5702 6
0.0437852924	199 1184
0.0437409739	4 667
0.0437178965	4310 6
0.0436836066	11 2013
0.0436447194	11 12
0.0436072658	19 2048
0.0435816476	4 4513
0.0435748770	23 1793
0.0435646983	32 3
0.0435613253	354 3595 6
0.0435408801	2429 11
0.0434714234	410 95
0.0434391505	4 1557 6
0.0434244135	1957 6
0.0433298452	1209 18
0.0433107699	3949 6
0.0432697550	744 6
0.0432665206	10840 6
0.0432642594	4 173
0.0432511295	140 43
0.0432087591	4 1643 11
0.0431775770	5195 11
0.0431772400	4 1893
0.0430319173	4 3863
0.0430246774	34 311
0.0430066802	3260 6
0.0430064152	645 11
0.0429006936	11 6571
0.0428770461	4 3688
0.0428591731	2830 6
0.0428537912	627 392
0.0428338197	1060 43
0.0428127919	11 524
0.0427497273	679 431
0.0427250792	4 1159 6
0.0427060972	1097 6
0.0426723811	4 838 6
0.0426698430	4 1318 6
0.0425820875	406 11
0.0425397009	11 2558
0.0425354964	23 645
0.0425164672	11 1483
0.0424851318	2363 11
0.0424824159	11 3741
0.0424774298	4 1633
0.0424584373	417 38
0.0424093443	434 6
0.0423884843	970 6
0.0423767885	1160 11
0.0423535036	19 20 2142 43
0.0423491838	304 18
0.0422994007	4 1079 6
0.0422812250	4 1285
0.0421978645	4 2519 6
0.0421853752	4 5438
0.0420801379	11 3178
0.0420580348	204 196
0.0419100328	1111 11
0.0419064823	4507 6
0.0418582785	4 2906 6
0.0418329617	4 2505
0.0416994266	23 880
0.0416800794	4 2763 6
0.0416667149	19 1847 6
0.0416646983	5 95
0.0416463192	11 2789
0.0416385779	4 6776
0.0416271292	93 1548
0.0415958161	23 85
0.0415759662	96 6
0.0415452652	4 1465
0.0415029249	11 2517
0.0415020648	431 257
0.0414287638	6 2289
0.0414281400	50 6
0.0414202468	4 1662 6
0.0413737542	2306 11
0.0413733168	643 95
0.0413474417	883 43
0.0413316502	457 95
0.0413158624	11 662 3
0.0411900295	11 5981
0.0411735450	11 2532
0.0411388510	31 705
0.0411161543	4 795
0.0410873215	23 1352
0.0409755908	3702 3
0.0409561764	7260 6
0.0409561764	4877 6
0.0409530803	94 199
0.0409423556	4 1462 6
0.0409380454	23 5378 6
0.0409378456	11 4686
0.0409333816	93 3079 18
0.0409295260	11 2173
0.0408893140	4 5517
0.0408491919	4 2629
0.0408455214	822 6
0.0408306731	11 1947
0.0407270295	18 1755
0.0406916119	4 628 6
0.0406029241	4 905
0.0405911422	369 311
0.0405899342	31 522
0.0405566901	93 2876
0.0404217503	11 874
0.0404201737	1707 199
0.0404081420	4 7866
0.0403845790	3090 11
0.0403275108	23 349 6
0.0403212810	253 3
0.0403045930	11 2348 11
0.0402653172	23 474
0.0402574739	265 199
0.0402499527	93 55 1462 18
0.0402434447	4 1848 6
0.0402139738	311 24 11
0.0402123214	23 88 11
0.0402025060	4 2145 6
0.0401528220	4 3333
0.0401022500	4 1046 6
0.0400567077	9125 6
0.0400546561	4 11282
0.0400465443	23 1350
0.0400181453	23 6191
0.0400123380	185 95
0.0399261457	23 4259
0.0397594074	1466 431
0.0397526909	354 392
0.0396997125	223 43
0.0396509326	4 687 6
0.0395710967	31 1696
0.0395632857	1713 11
0.0395187249	728 6
0.0394878134	4 990
0.0394513496	3333 6
0.0394501865	4 2163
0.0394336252	23 3086 6
0.0394281700	11 6840
0.0394127028	1834 3
0.0393716658	252 443
0.0393444073	93 413
0.0393349337	476 196
0.0393337932	4 442 6
0.0393203518	93 1017
0.0392746908	11 259 43
0.0392705505	23 3263
0.0392507691	19 1214
0.0392093061	454 209
0.0391930109	4 518 6
0.0391738313	2146 6
0.0391581703	4 5 31 30 6
0.0391503796	23 311 24 3
0.0391438836	4 257
0.0391147214	11 2791
0.0390686422	11 1081
0.0390681213	11 1008
0.0389795845	4 333
0.0389753894	4 1793
0.0389661558	4 2524 6
0.0389312325	1859 18
0.0389051595	4 583 6
0.0389007569	478 3
0.0388110621	962 392
0.0387766365	893 3
0.0387586655	23 1259
0.0387395775	5786 6
0.0386675805	4 822 6
0.0386133100	93 117
0.0386114630	138 6
0.0385517853	199 266
0.0385424178	1100 95
0.0384740369	93 869
0.0384641656	93 1918 6
0.0384281700	11 3307
0.0384056381	11 403
0.0383853657	1920 6
0.0383446210	3943 11
0.0383367436	3383 6
0.0383351922	11 2868
0.0383266740	23 1468
0.0383206548	93 268
0.0382850125	836 3
0.0382355355	4 4408
0.0382174463	23 1995
0.0382081567	4 1687 6
0.0381685345	499 95
0.0381340059	2778 11
0.0381051533	4 2968
0.0380906083	23 3915
0.0380788693	4 6152
0.0379856511	4 2460
0.0379825754	271 95
0.0379766911	3294 43
0.0379436575	4 739
0.0379402048	4 1515
0.0379122511	4 156 6
0.0379079229	11 22
0.0378777852	70 6
0.0378360410	4 5229 6
0.0376987835	23 2906 6
0.0376456503	149 18
0.0376411571	40 11
0.0376175805	4 2859 6
0.0375740316	4 371 392
0.0375636971	32 6
0.0375186946	4 6998
0.0375097235	4 4312 6
0.0374695026	4 1230 6
0.0374277246	11 1004
0.0374095720	23 920 6
0.0373081345	1652 3
0.0372946095	311 932 6
0.0372814628	11 5936
0.0372289302	23 2067
0.0372144329	4 2044
0.0371981117	223 95
0.0371825044	2334 6
0.0371477505	6133 6
0.0371022820	785 6
0.0370321210	4 1980
0.0370140811	94 18
0.0369868493	1043 6
0.0368890032	23 277 3
0.0368826703	11 138 95
0.0368631926	667 11
0.0368572754	403 95
0.0368322694	307 95
0.0367769614	636 18
0.0366967340	11 5439
0.0366547733	64 66
0.0366463192	11 349
0.0366168519	4 137
0.0365812168	4 2763 11
0.0365461489	1406 6
0.0365383941	11 1945
0.0365255352	181 11
0.0365010052	2586 6
0.0364933091	11 1448
0.0364780493	11 998
0.0364579902	4 5 31
0.0364347317	5277 3
0.0364089248	1591 18
0.0364020161	526 43
0.0363083022	4 1919 6
0.0362878684	4 3595 6
0.0362757109	23 1953
0.0362736651	4 6573 6
0.0362694721	11 140
0.0362458057	1331 18
0.0362313943	4 4312
0.0361648337	11 834
0.0361308331	5891 3
0.0361001823	23 1531
0.0360924173	23 2080
0.0360496171	4 959 6
0.0360384664	932 6
0.0360239677	11 4103
0.0360233888	6591 6
0.0359957512	19 2347
0.0359382548	449 95
0.0358812189	4 766 6
0.0358597754	4 744 6
0.0357993067	23 1571
0.0357945685	2994 43
0.0357721907	4 7810
0.0357243704	93 398 6
0.0357049021	4 329
0.0356351772	4 1807 6
0.0356092946	93 1933
0.0355688762	3442 6
0.0355679644	70 368
0.0355625125	317 38
0.0355583218	4638 18
0.0355471155	3701 6
0.0354661075	235 38
0.0354527176	23 1464
0.0353862358	3260 3
0.0353622454	38 568
0.0353599995	4 6075
0.0353145522	4 140 6
0.0353082383	11 3871
0.0352606271	871 43
0.0352598833	19 1684 11
0.0352597990	23 87
0.0352269986	23 5155
0.0351900067	19 1042
0.0351479728	23 1171
0.0351203921	4489 6
0.0351203921	5003 6
0.0351148059	990 11
0.0350814588	4 895
0.0350649036	4 2550 6
0.0350437271	11 4739
0.0349846729	443 1445
0.0348750820	318 18
0.0348607732	6 6582
0.0348597754	4 2167 6
0.0348097149	680 6
0.0348025044	1566 6
0.0347857708	331 3
0.0347775733	4 1652 6
0.0347316311	6577 95
0.0347160140	2347 3
0.0345893958	2763 6
0.0345489592	3508 6
0.0345010867	11 2220
0.0344984679	807 11
0.0344958562	4 1201
0.0344826339	4 1060
0.0344716213	4 1856
0.0344676196	23 82 3
0.0344601769	11 1342
0.0344405943	1352 6
0.0344366165	11 3766
0.0344247426	19 2389 6
0.0343891469	4596 6
0.0343829747	4 32 6
0.0343798131	34 135
0.0343008086	209 199
0.0342900576	140 6
0.0342541580	965 6
0.0341902541	4 632 6
0.0341696856	23 595
0.0341663484	4464 38
0.0341638570	11 2563
0.0341575781	23 5726
0.0341318741	5346 6
0.0341101078	1187 11
0.0340693020	23 534 3
0.0340343960	5437 18
0.0340264421	4 2460 6
0.0340203935	11 9142
0.0340023893	11 848
0.0339854908	4 1187
0.0339744022	11 1648
0.0339721629	4 965
0.0338291020	23 1575
0.0337971860	23 1991
0.0337688435	23 312
0.0337109298	4 2148
0.0336780347	24 43
0.0336388847	4 164
0.0336222894	272 43
0.0335477547	1917 38
0.0335313313	1807 6
0.0334927388	2160 95
0.0334821077	4 3379
0.0334816521	4476 6
0.0333711252	23 225 1687 6
0.0333678466	69 11
0.0333397364	23 137
0.0332202519	18 410 95
0.0331974517	23 5702 6
0.0331407435	351 6
0.0330927531	11 4563
0.0330676249	23 755
0.0330170764	585 6
0.0330041447	2687 6
0.0329480317	1800 43
0.0329338901	2902 6
0.0328237810	4690 6
0.0327556549	23 969
0.0327483881	4 752
0.0327389113	23 857
0.0327225714	23 4252
0.0327191863	23 4509
0.0326812189	4 2163 6
0.0326419243	3906 3
0.0326411080	5667 6
0.0325473969	4 3701 6
0.0325276780	4 3916
0.0324506743	4 572 371 753
0.0324213958	18 637 11
0.0323956304	4776 6
0.0323884179	4 1406 6
0.0323878087	38 1296
0.0323740705	956 95
0.0323445105	4 4129 6
0.0323074562	4 624
0.0322209317	10500 3
0.0321722407	23 3479
0.0321398405	371 18
0.0321397593	4 253
0.0321344844	11 1443
0.0321313324	11 1666 31
0.0321133086	4 2861 6
0.0320621717	524 3
0.0320092915	11 2691
0.0320020139	31 857
0.0320002172	11 4164 95
0.0319757156	4 857
0.0318747771	23 527
0.0318713533	2363 3
0.0317801388	2394 3
0.0317615390	19 1847
0.0317258190	23 912
0.0316814517	11 4421
0.0316493236	23 1187
0.0316279125	814 11
0.0316116132	3048 11
0.0316097971	29 6
0.0315640733	4 1904
0.0314657973	4 407 31
0.0314367932	1040 3
0.0313718291	4 5138
0.0313657215	7073 6
0.0313138640	1196 6
0.0312977256	292 6
0.0312951254	2483 18
0.0312479096	23 3451
0.0312271858	207 199
0.0312270916	23 1427
0.0312036662	1899 6
0.0311329279	4529 6
0.0311091736	4 3179 3
0.0311086170	2167 6
0.0311056762	2331 18
0.0310263484	569 6
0.0309819260	23 866 3
0.0309056948	2347 11
0.0308870111	4 4791 6
0.0308723641	343 11
0.0307965462	341 43
0.0307485579	5728 6
0.0306708433	6681 11
0.0306010539	1793 199
0.0305747272	23 2902
0.0305076874	1013 6
0.0304674280	1799 11
0.0304518810	4 550 6
0.0303853773	38 3557 18
0.0303377357	1079 6
0.0302865400	4 219
0.0302630125	23 1530
0.0302416355	4 770 6
0.0301851602	4 1188 6
0.0301727915	443 1127
0.0301276981	2063 11
0.0300886206	388 6
0.0300821446	6465 6
0.0300623387	349 6
0.0300524750	23 1941
0.0300417011	11 975
0.0300359687	23 2331 3
0.0300059092	4 351 6
0.0299877637	403 43
0.0299740591	88 6
0.0299688374	460 461
0.0299526981	2510 11
0.0299367739	507 6
0.0298960134	624 6
0.0298764333	583 6
0.0298674533	18 1807 6
0.0298539449	11 8485
0.0298398519	31 1130
0.0297314225	273 3
0.0296827198	4 155 6
0.0296720771	4 1230
0.0296349517	23 1848 6
0.0295861102	461 199
0.0295805754	4 946 6
0.0295634946	11 2765
0.0294607710	4 403 6
0.0294570940	11 1547 3
0.0294295527	1304 11
0.0293662896	23 770 6
0.0293175612	1588 3
0.0292808126	94 3
0.0292710077	4 1133
0.0292444909	3863 6
0.0291689430	626 18
0.0291489468	3557 18
0.0291402729	347 11
0.0291349517	18 2825 11
0.0291120609	2861 3
0.0290948040	6573 6
0.0290869602	1793 11
0.0290559752	11 746
0.0290137811	4 1440
0.0288504701	1858 3
0.0288482703	23 2475
0.0287889488	3362 3
0.0287544685	4 1194
0.0286351218	425 11
0.0286344398	11 770
0.0286254741	4 1005 6
0.0286176960	1621 6
0.0285375512	11 2252
0.0284987557	1331 43
0.0284930056	2852 18
0.0284890885	4 1218 18
0.0284177431	23 567
0.0284108522	31 94 3
0.0283869447	23 1328
0.0283470138	23 4906
0.0283387183	379 3
0.0283164829	2710 18
0.0282374178	1658 3
0.0281710100	299 6
0.0281381190	348 11
0.0281313498	11 753
0.0280992414	4 2266
0.0279622504	2097 6
0.0279592862	4 294 6
0.0279324456	11 2697
0.0278951759	4 2266 6
0.0278945603	1177 6
0.0278383617	23 82 6
0.0278070462	3746 11
0.0277857703	23 934
0.0277384709	4 2167
0.0276290848	3981 6
0.0276267248	11 3079
0.0275452588	4 469 6
0.0275157115	636 199
0.0275130742	23 2834
0.0274145522	4 1610 6
0.0273388247	1221 6
0.0272994007	4 1352 6
0.0272976713	1348 392
0.0272662090	156 6
0.0271980847	4 647
0.0271221757	124 43
0.0270958832	23 410
0.0270789028	3963 3
0.0270287219	1717 18
0.0270194909	2862 6
0.0270098172	3860 18
0.0269358369	2519 6
0.0269269561	11 1803
0.0269028463	4 5229
0.0268526802	884 3
0.0268385067	11 2809
0.0268047993	4 1462
0.0267901928	1750 3
0.0267877276	7768 6
0.0267449702	1176 443
0.0267342516	11 979
0.0266453098	11 1477
0.0265889127	1785 11
0.0265649389	11 1349
0.0265358014	23 13
0.0264961374	4 2687 6
0.0264554008	93 24 3
0.0264282057	11 259
0.0263617833	47 3
0.0262759478	4 388
0.0262132520	11 1702
0.0261655229	4 711
0.0261635222	2766 3
0.0261392707	4 1559 6
0.0261041125	4 12656
0.0260764592	3777 18
0.0260712201	23 3009
0.0259387440	23 3398
0.0259242784	2061 18
0.0258953098	11 2444
0.0258632165	136 3
0.0258600915	1129 18
0.0258572754	403 3
0.0257342046	11 4150
0.0257099146	2714 3
0.0256143110	11 7522
0.0255623004	18 2825
0.0254985770	1067 6
0.0253894571	1658 11
0.0252959894	4 613 6
0.0252694447	255 11
0.0252422799	4 613
0.0252269563	1055 6
0.0251426992	2423 11
0.0250836669	292 3
0.0250452588	4 1847 6
0.0249203098	11 2419
0.0248809455	93 1776
0.0247842333	4 75
0.0246957081	11 4343
0.0246275627	54 354
0.0246224083	4 667 11
0.0245753538	278 18
0.0245462107	4 3137
0.0245278177	23 2083
0.0244854391	23 1453
0.0244560788	23 1960
0.0244431549	11 1332
0.0244392083	4 1454 638
0.0243304600	31 32 6
0.0243279826	461 18
0.0242615390	11 2048
0.0242076613	23 1291
0.0241846017	917 18
0.0241761579	2686 3
0.0241582607	873 6
0.0240745955	4 4529 6
0.0240535666	23 68
0.0240148623	3919 11
0.0240134510	4 3981 6
0.0239274915	3538 6
0.0238677646	4 3962
0.0236452234	23 1869
0.0236343661	4 6465 6
0.0236205490	23 1856
0.0235043793	23 4188
0.0234697031	1785 18
0.0234467280	476 18
0.0234355542	3756 18
0.0233222481	235 18
0.0233169500	4 10858
0.0233001646	1848 6
0.0232459293	4 1557
0.0232426883	4 2051
0.0232001455	5255 6
0.0231561894	1188 6
0.0231385150	99 6
0.0231343661	4 6932 6
0.0230879898	4 29 6
0.0230742833	3584 18
0.0230150710	4 884 6
0.0228198937	23 568 6
0.0227648917	2752 3
0.0227596973	1420 18
0.0227465903	1746 43
0.0227242797	417 18
0.0226914395	4 255
0.0226913075	443 368
0.0226733560	67 6
0.0226728277	4 1177 6
0.0226608837	645 3
0.0224917884	3778 3
0.0224333727	752 6
0.0224021674	1662 6
0.0223293774	55 11
0.0223125082	11 1808
0.0223083502	195 6
0.0222906302	1462 6
0.0222703041	4 1306 6
0.0222437766	88 11
0.0221613442	562 18
0.0221241055	11 754
0.0220262323	65 6
0.0219917496	687 6
0.0219903959	867 3
0.0219696769	2196 11
0.0219660068	4 484
0.0219437669	613 6
0.0219033789	72 18
0.0218419224	2396 6
0.0217279725	1784 11
0.0216571067	547 3
0.0216181487	462 18
0.0215983878	5330 3
0.0215652949	11 372
0.0214970127	1362 6
0.0214423294	959 6
0.0214265481	705 18
0.0213823254	11 1061
0.0213296585	23 1284 6
0.0213225658	19 905
0.0213084730	1440 11
0.0213041987	4 2404 6
0.0212914746	1508 11
0.0212694022	4 2687
0.0211899634	31 405
0.0211237733	1507 18
0.0211175753	1614 95
0.0211086441	219 3
0.0210433874	1454 6
0.0210277216	31 3875
0.0210131190	586 3
0.0209748475	1557 18
0.0209479491	1698 6
0.0209364984	442 6
0.0209115024	4 2326
0.0208802547	1070 18
0.0208161155	4 398 6
0.0207939037	38 419
0.0207333797	912 11
0.0206097389	181 3
0.0205239420	31 133
0.0205144209	4 2763
0.0204869403	3294 3
0.0204185619	94 11
0.0204070032	1437 18
0.0204068909	4738 11
0.0203814187	4 2051 6
0.0203566855	4 195 6
0.0203152629	4 3230 6
0.0202905781	2332 6
0.0202768014	4 1984 6
0.0202586527	1446 3
0.0202237733	667 3
0.0201036911	11 3498
0.0200977274	3181 18
0.0200420923	3778 18
0.0200251724	219 431
0.0200087062	490 3
0.0199580461	2051 6
0.0199505902	4791 6
0.0198977783	4 3508 6
0.0198788674	11 2164
0.0198744902	76 18
0.0198660507	325 3
0.0198132489	4280 18
0.0197603135	317 11
0.0197566264	6932 6
0.0197434897	2706 3
0.0197051718	8458 6
0.0196448326	2404 6
0.0196206326	3753 6
0.0195430887	2398 18
0.0194237270	449 3
0.0194063495	1588 11
0.0194002503	2311 18
0.0193906633	1717 11
0.0193638602	8 11
0.0193460906	23 3962
0.0193241776	3541 6
0.0192179442	11 538
0.0192139835	11 4673
0.0191852033	4 645
0.0191837098	712 6
0.0191379530	4067 11
0.0191368455	867 11
0.0191281296	1079 3
0.0191159810	207 11
0.0190978302	3796 6
0.0190800614	1917 18
0.0190669169	1814 18
0.0190498475	1557 6
0.0187508344	219 11
0.0186199614	4 1005
0.0185480042	1621 18
0.0184729053	987 6
0.0184231239	4 1188
0.0183979510	235 3
0.0181785906	23 410 6
0.0181327118	4 6573
0.0181266374	23 1224
0.0180965844	15 6
0.0180787858	23 322
0.0180769765	1610 6
0.0180667747	1812 18
0.0180437162	1159 6
0.0180356584	1559 6
0.0180056414	2266 18
0.0179751146	3230 6
0.0179751146	1984 6
0.0179459580	1073 18
0.0179226915	27 43
0.0179191242	5379 3
0.0178903647	3933 18
0.0178628383	3192 6
0.0177051718	11547 6
0.0176516190	155 6
0.0175500853	72 3
0.0175192216	705 95
0.0175178803	2878 6
0.0173284849	5378 6
0.0173215822	871 18
0.0173067419	4 932 6
0.0172644503	1318 6
0.0171785906	4 667 6
0.0170669169	3655 18
0.0170538263	4035 6
0.0170437162	2524 6
0.0170305268	204 11
0.0170219771	795 6
0.0169534849	3086 6
0.0169403647	800 18
0.0168742040	2238 6
0.0168009999	1643 6
0.0166971935	958 3
0.0165682864	322 18
0.0163905317	4 1662
0.0162560953	161 6
0.0161500216	11 1161
0.0161360066	632 6
0.0161315887	755 6
0.0160498475	892 6
0.0157516946	946 6
0.0157192532	648 6
0.0156180720	4 30 6
0.0154342431	1440 6
0.0153284849	1555 11
0.0153125341	2859 6
0.0153063495	290 18
0.0151500216	3149 11
0.0150450138	570 6
0.0148802547	1102 18
0.0143919366	2266 6
0.0122239443	3222 3
0.0119187301	1086 6
0.0119143849	2674 6
0.0119143849	331 11
0.0114520415	31 1636
0.0111628827	31 1127
