0.7709809778	8469
0.7681385992	12758
0.7579375306	5593
0.7539794909	8973
0.7476953726	9674
0.7458171579	4360
0.7453952338	4451
0.7437581054	5125
0.7431453258	1256
0.7427597691	10186
0.7422440023	9407
0.7417656101	6029
0.7395223008	4736
0.7394121449	3781
0.7388825550	12048
0.7375997370	10525
0.7370924737	5459
0.7368020965	6190
0.7366654868	4709
0.7366080632	5359
0.7363930512	9542
0.7362228153	5478
0.7359911848	10706
0.7354613799	13692
0.7345517144	1608
0.7345263487	11088
0.7344161389	308
0.7335528565	10580
0.7321070984	783
0.7321059198	5760
0.7318729477	6287
0.7318302449	6196
0.7317672227	2667
0.7308669280	7948
0.7295598354	888
0.7293881673	4263
0.7285675741	6189
0.7257584180	6061
0.7257216172	724
0.7256135107	3401
0.7254953002	4006
0.7247516196	3470
0.7245881631	1094
0.7238124025	3531
0.7215343045	10508
0.7215106684	4337
0.7207040473	4793
0.7201586018	262
0.7188705256	11476
0.7186707996	1842
0.7184841238	7506
0.7177950207	5646
0.7175043484	6981
0.7174607458	5075
0.7164479081	6923
0.7164322317	9494
0.7162594250	5287
0.7137651614	9333
0.7130979583	8786
0.7119507472	12293
0.7111788430	2245
0.7081348817	4796
0.7077870753	1882
0.7074320793	2650
0.7072898994	953
0.7071226360	3757
0.7055059112	13462
0.7046152191	12251
0.7046152191	5962
0.7040890266	1630
0.7040270634	6111
0.7038651028	5926
0.7038651028	7396
0.7036325822	6186
0.7035813152	4236
0.7031044087	9970
0.7017749779	2787
0.7015261001	7477
0.7013591644	8428
0.7009369908	9641
0.6996439844	2492
0.6984761679	10529
0.6983851295	3362
0.6973279216	4611
0.6973090677	5226
0.6972648527	8968
0.6960441064	13547
0.6957522550	6994
0.6954711578	1541
0.6954031925	13463
0.6953857814	4209
0.6948657012	3100
0.6936341208	6286
0.6923929749	14983
0.6921483084	3642
0.6919834395	12028
0.6913756710	7132
0.6908361964	5456
0.6907194919	6657
0.6900159028	7199
0.6896649678	477
0.6885406880	4399
0.6870701926	4493
0.6867751535	4503
0.6865538474	9802
0.6863889508	7811
0.6857904929	8386
0.6856186606	2750
0.6854597053	2072
0.6852885083	6210
0.6842671870	668
0.6841554285	1329
0.6832556229	4697
0.6823561151	13892
0.6821711843	4320
0.6821711843	3243
0.6813565665	10603
0.6813309081	4822
0.6813174803	5301
0.6806881162	13681
0.6806781099	9184
0.6805956003	5016
0.6799079775	11098
0.6797108722	9134
0.6795059248	11221
0.6788016714	11340
0.6788016714	7643
0.6786081041	1757
0.6783522298	3466
0.6780145255	4472
0.6778985408	15855
0.6776995652	10513
0.6772297796	9291
0.6769110756	9673
0.6769110756	8059
0.6768302399	10701
0.6767063890	10537
0.6762770124	11672
0.6762697902	12189
0.6762697902	9996
0.6757931224	9206
0.6757931224	9042
0.6756671983	9128
0.6755913170	2110
0.6750123932	9013
0.6749620802	6037
0.6749549320	6853
0.6748262693	1162
0.6747011072	2400
0.6743749741	7627
0.6741834421	127
0.6741557638	7568
0.6740826713	10744
0.6739833370	5334
0.6737401403	7983
0.6737401403	3227
0.6735125923	6166
0.6734994015	7754
0.6733796952	3029
0.6722427837	3390
0.6717788145	11745
0.6717494205	5023
0.6716432913	3244
0.6713460793	246
0.6710019182	13945
0.6701888443	2290
0.6697966981	2134
0.6696782662	2375
0.6694752782	5299
0.6694752782	5423
0.6693924311	7238
0.6693219757	9005
0.6693050096	6558
0.6692615267	4685
0.6691070184	5540
0.6690912975	13145
0.6687191777	635
0.6683752163	4109
0.6682667444	7420
0.6682667444	2195
0.6680843966	7671
0.6680838440	6245
0.6679971870	9973
0.6675811106	9353
0.6672665107	13472
0.6671864911	9237
0.6670279781	2070
0.6668593058	9299
0.6668041885	6877
0.6667622376	8971
0.6666362586	5097
0.6664919305	7590
0.6662994673	10399
0.6662875681	8728
0.6662394190	4008
0.6658105133	6110
0.6655519516	4034
0.6651134916	11602
0.6648786803	2620
0.6648245990	4074
0.6646712168	3371
0.6644340298	2156
0.6641585265	11966
0.6641477544	11755
0.6641477544	3015
0.6640961654	16664
0.6639628316	6102
0.6637891564	1732
0.6635560426	634
0.6635317651	9117
0.6634385408	12204
0.6633844828	2228
0.6632400799	2843
0.6631187826	3124
0.6622768359	15337
0.6622263076	5116
0.6621717152	4658
0.6620204292	656
0.6620204292	7669
0.6619630009	8793
0.6619461861	4600
0.6619461861	2853
0.6618741410	1399
0.6617093221	7771
0.6615921071	6448
0.6612663206	6447
0.6612663206	1338
0.6612012352	16504
0.6607650045	2406
0.6607513919	9980
0.6607033904	5155
0.6604745523	6528
0.6603307693	3747
0.6601741469	12731
0.6601582427	5637
0.6599236854	10785
0.6598965885	10761
0.6598769174	5258
0.6595931424	6755
0.6595931424	3471
0.6594554598	9703
0.6594554598	10831
0.6594394675	854
0.6592543421	13034
0.6591097868	5485
0.6586227496	4691
0.6585883276	4038
0.6583967148	5919
0.6583040215	6419
0.6578960268	10081
0.6578960268	5368
0.6577591818	4457
0.6577459034	8542
0.6575912853	11876
0.6571281484	7589
0.6570930903	9691
0.6570930903	7937
0.6569949704	9998
0.6568818585	7587
0.6565648256	5825
0.6561831249	15345
0.6560333838	8889
0.6558548646	8648
0.6557637572	11951
0.6557637572	1830
0.6557595045	3614
0.6556843442	14380
0.6554211883	13200
0.6554100215	10980
0.6551495383	16963
0.6551167178	7411
0.6551167178	1779
0.6550554328	14673
0.6550554328	5584
0.6550242921	10218
0.6549498322	11604
0.6546930240	925
0.6546901452	8750
0.6546693660	2261
0.6546558241	5539
0.6546056751	9459
0.6546056751	6654
0.6544951344	4050
0.6543491626	13912
0.6543044819	4347
0.6542829049	655
0.6542402840	4052
0.6541936348	7997
0.6540639019	3957
0.6535839591	7478
0.6535839591	451
0.6534523621	1883
0.6532879507	11185
0.6532167546	5164
0.6531758334	778
0.6530951738	2027
0.6530951738	1781
0.6529735288	5594
0.6529668729	8413
0.6528463065	11120
0.6525866404	2741
0.6525866404	1058
0.6522835240	7806
0.6521464836	9235
0.6520197160	9481
0.6519356197	286
0.6517864658	9465
0.6516954842	12760
0.6516214289	6325
0.6515953651	4003
0.6515840068	11000
0.6515840068	6432
0.6515840068	2699
0.6514536313	11698
0.6514512749	11639
0.6512411346	12877
0.6511855037	10007
0.6510696563	5875
0.6510024374	6225
0.6507921377	5073
0.6507364884	16505
0.6507260750	7576
0.6506248236	2271
0.6504082999	845
0.6503825536	4373
0.6502657108	4616
0.6501831049	3087
0.6501731534	5647
0.6501355475	8171
0.6498995203	5068
0.6498105648	4924
0.6497683384	11556
0.6497635786	12097
0.6495626442	1278
0.6492823634	1590
0.6489981243	5007
0.6489544412	6523
0.6489436675	6380
0.6489436675	4214
0.6489436675	10812
0.6489017439	1024
0.6488424904	6076
0.6488294577	4797
0.6486729193	16338
0.6486682869	8758
0.6485283100	716
0.6485237090	1597
0.6482952602	6693
0.6481763981	5697
0.6479424460	1620
0.6478403022	12868
0.6476928528	3877
0.6475707538	4321
0.6474989206	11172
0.6474734587	9679
0.6474620842	8562
0.6474573988	3535
0.6472087956	7466
0.6470691031	9077
0.6470173878	5130
0.6469776766	5388
0.6469053716	8601
0.6466635772	17177
0.6466314647	5101
0.6464976579	8177
0.6464262083	8871
0.6464261586	10837
0.6463787637	11741
0.6462097816	5294
0.6462087449	7039
0.6460405788	13794
0.6459269961	4826
0.6458994658	5928
0.6458443095	7046
0.6457335475	5585
0.6455907340	7862
0.6454470012	4251
0.6454470012	2669
0.6453671643	2319
0.6451630024	10412
0.6451443062	12024
0.6451443062	17014
0.6451443062	8075
0.6451443062	980
0.6448669690	15130
0.6448669690	13737
0.6448669690	11315
0.6448020804	13584
0.6447743070	6404
0.6447242006	5538
0.6447041997	1835
0.6447014604	8974
0.6445273118	7208
0.6444598612	11557
0.6443307765	4005
0.6440715259	2081
0.6440287296	887
0.6437275701	5343
0.6436605368	6056
0.6434036447	2352
0.6427207656	5941
0.6426494475	7634
0.6425415898	6689
0.6423032014	4939
0.6421635066	5974
0.6421380751	5037
0.6419445237	4500
0.6415254791	11067
0.6413135092	6152
0.6410343597	2671
0.6409428453	122
0.6409217647	3862
0.6406612979	8468
0.6406612979	12210
0.6404519099	7768
0.6404008591	16298
0.6403841336	2637
0.6403020732	2517
0.6402962735	8183
0.6399530007	10342
0.6396741109	9545
0.6396688948	1087
0.6395827927	11486
0.6395827927	4768
0.6392584248	689
0.6389749293	9178
0.6389749293	1668
0.6389749293	15498
0.6389749293	11997
0.6389749293	2288
0.6388429283	9849
0.6388391713	5686
0.6387332688	3109
0.6385148080	6787
0.6382383580	1638
0.6381670120	1330
0.6381306801	6496
0.6378322806	3375
0.6377820674	1851
0.6375918536	12813
0.6372173931	804
0.6371994203	6622
0.6371593248	9417
0.6370873721	604
0.6369776032	9840
0.6369741508	12245
0.6368539392	10864
0.6366305508	15121
0.6366189743	8632
0.6362747426	5710
0.6361824617	4353
0.6361824617	8983
0.6360336920	4122
0.6359494375	7575
0.6353972231	8436
0.6353963104	2073
0.6353963104	8033
0.6351542236	3885
0.6351018484	6017
0.6340255557	5169
0.6336878153	6075
0.6336410913	7980
0.6334365534	4225
0.6332932016	13872
0.6331098626	682
0.6330059313	8141
0.6326816713	10619
0.6326816713	8873
0.6326415044	4985
0.6324462076	3378
0.6323551683	10311
0.6323213998	11094
0.6323213998	11796
0.6322705081	10836
0.6318757697	2878
0.6318384615	936
0.6316533990	1613
0.6315842262	13411
0.6315554960	123
0.6313838641	6013
0.6309955543	3382
0.6308576463	11282
0.6300047488	5313
0.6299888397	3947
0.6297372906	5176
0.6296655371	3266
0.6294612745	6022
0.6290745389	9656
0.6283747085	5940
0.6281410129	10621
0.6281385098	1503
0.6279386173	10971
0.6277651226	5247
0.6273330636	4790
0.6273321977	4509
0.6272620263	1169
0.6272403249	1896
0.6270595560	3450
0.6269894868	10561
0.6269894868	8941
0.6269299849	10030
0.6269299849	10024
0.6269299849	7557
0.6269299849	11076
0.6269299849	5022
0.6268707142	1902
0.6267944497	3980
0.6259706782	6966
0.6258294970	9594
0.6254442644	2663
0.6253445729	13306
0.6253330636	3503
0.6250861462	2712
0.6250861462	7815
0.6250367250	3640
0.6247157028	12023
0.6247157028	1475
0.6244618247	6932
0.6243196731	7713
0.6242936759	11163
0.6242608693	8557
0.6242356216	4037
0.6241947956	433
0.6240278481	3014
0.6238724374	10285
0.6236701099	11037
0.6236689450	248
0.6235840557	4230
0.6234672718	2212
0.6234225698	9561
0.6234194569	4680
0.6233628786	173
0.6232820842	2848
0.6231118270	1415
0.6231036990	3942
0.6230638681	3700
0.6230029529	4549
0.6228917056	8335
0.6220696491	5492
0.6219939777	2135
0.6219222204	2056
0.6217476183	6961
0.6214645837	4129
0.6214167329	8966
0.6213900169	7973
0.6208535629	4707
0.6204979423	4565
0.6202663499	3955
0.6201848319	6053
0.6201166088	29
0.6200082747	890
0.6199246507	9723
0.6199103950	5036
0.6199058018	9073
0.6195997872	13780
0.6195502865	1615
0.6194494664	5770
0.6193229433	3444
0.6192307057	15600
0.6192307057	9177
0.6192155268	10614
0.6188254115	7869
0.6187714045	6283
0.6184836970	12759
0.6184797268	7657
0.6184270684	13294
0.6182939414	3926
0.6180747536	15930
0.6180747536	6441
0.6180082311	3097
0.6177989949	2044
0.6177816472	11265
0.6174824046	11183
0.6172270384	2869
0.6169008786	1062
0.6167027083	12522
0.6165983927	15020
0.6163348326	12876
0.6163226976	3260
0.6162417042	1829
0.6161679996	16292
0.6161679996	10839
0.6160284357	4413
0.6159067349	6034
0.6157091905	7142
0.6156987339	11023
0.6154599022	9850
0.6151463583	1025
0.6150728696	2235
0.6150257121	3981
0.6147970107	8852
0.6147033786	3449
0.6147033786	14385
0.6147033786	5002
0.6145187528	8911
0.6145187528	5242
0.6144144471	8182
0.6142854905	10564
0.6142834141	4275
0.6142511533	1915
0.6141361728	10338
0.6140337257	15685
0.6140023323	5992
0.6139721569	3519
0.6139465494	6522
0.6133605690	8794
0.6132557842	7423
0.6132557842	2666
0.6131946450	13300
0.6131946210	4913
0.6131593316	10731
0.6131327494	12618
0.6130777056	6113
0.6130478983	14295
0.6130478983	7769
0.6130478983	7067
0.6130478983	6945
0.6130478983	6080
0.6130478983	5489
0.6129030033	6394
0.6129030033	11568
0.6129030033	8863
0.6124143116	8979
0.6124100242	5240
0.6123252354	6025
0.6123248285	1055
0.6120994610	3374
0.6120535850	5217
0.6119633313	16076
0.6119556887	5040
0.6119556887	971
0.6118594442	14121
0.6118594442	11046
0.6116923812	8356
0.6116865430	4889
0.6116865430	4242
0.6116330397	247
0.6116213749	5906
0.6114199760	3224
0.6113490460	3098
0.6111893795	9197
0.6111476771	17179
0.6111476771	12871
0.6111476771	5035
0.6111476771	4491
0.6111476771	11397
0.6111476771	11261
0.6110911404	14238
0.6110911404	7028
0.6110269743	12418
0.6108377507	1651
0.6108088142	1114
0.6107028976	15720
0.6107028976	11093
0.6106614752	5308
0.6106498068	994
0.6105694166	11368
0.6105375077	16809
0.6105375077	10330
0.6105375077	3878
0.6102469094	8596
0.6102469094	8040
0.6102469094	6431
0.6102469094	5291
0.6099507027	17777
0.6098219646	7285
0.6095474118	4952
0.6095088042	4395
0.6093705307	14944
0.6092918519	10661
0.6092714558	17130
0.6092714558	10841
0.6092067103	4297
0.6090902450	14654
0.6090902450	13736
0.6090699063	5399
0.6089887768	14611
0.6087320330	13444
0.6086105294	3823
0.6085844726	832
0.6085795918	4970
0.6084718383	8803
0.6084269572	13882
0.6084269572	7752
0.6084131795	2213
0.6083343438	2893
0.6080363635	2726
0.6077018257	15203
0.6077018257	4239
0.6076564611	923
0.6076156281	1864
0.6076036806	2595
0.6075763900	1132
0.6075740268	17681
0.6075740268	5920
0.6072604361	7390
0.6071092218	1980
0.6070292471	11142
0.6069200336	6330
0.6068799167	10526
0.6067775838	1010
0.6067657445	1515
0.6066031250	6329
0.6063686030	16568
0.6063686030	12524
0.6063686030	12284
0.6063686030	1223
0.6063686030	8886
0.6063279356	9415
0.6062986170	15569
0.6060604086	2841
0.6060010979	10371
0.6058417010	1777
0.6054525535	10206
0.6054195871	9712
0.6054105487	7403
0.6054062063	14721
0.6052196747	11778
0.6049711988	4106
0.6048633715	5126
0.6047524228	4842
0.6045756490	2136
0.6045756490	9968
0.6045756490	8937
0.6043958623	2652
0.6043797521	2074
0.6043797521	12819
0.6043797521	7044
0.6043098774	2723
0.6041782905	6347
0.6041701880	5726
0.6040918338	17590
0.6040918338	11740
0.6040918338	11554
0.6040918338	11287
0.6040918338	7921
0.6040918338	7223
0.6040918338	6640
0.6040408440	8799
0.6038754115	7631
0.6035923609	6020
0.6035603338	8850
0.6034774111	6582
0.6034448201	4649
0.6031694924	6505
0.6029414273	1857
0.6029031843	2231
0.6028531201	5931
0.6026092884	5438
0.6025604233	1346
0.6024024064	12286
0.6021698896	2480
0.6020474026	8708
0.6019264372	10867
0.6019264372	17420
0.6019264372	17072
0.6019264372	12211
0.6019264372	11893
0.6019264372	7286
0.6018585090	6752
0.6015532924	1216
0.6015278095	3001
0.6015278095	11254
0.6014103133	6073
0.6013870311	5917
0.6012931307	4590
0.6012656105	5670
0.6012656105	8151
0.6011768724	3306
0.6009837710	7439
0.6008276719	12292
0.6007163212	12641
0.6006974202	3806
0.6006058496	4690
0.6005998607	11926
0.6004742756	13248
0.6003488528	15563
0.6002963692	878
0.6002439055	6864
0.6002283984	17628
0.6002283984	17625
0.6002283984	16714
0.6002283984	15994
0.6002283984	14199
0.6002283984	14112
0.6002283984	8491
0.6002283984	7567
0.6002283984	6501
0.6002283984	180
0.6002283984	15450
0.6002283984	14563
0.6002283984	14546
0.6002283984	14239
0.6002283984	12254
0.6002283984	12183
0.6002283984	11180
0.6002283984	11164
0.6001903299	5072
0.5998178132	7881
0.5996794020	1849
0.5996418360	6950
0.5996418360	16135
0.5996418360	15196
0.5996418360	15143
0.5996418360	8203
0.5996418360	6909
0.5996418360	16826
0.5996418360	7916
0.5996418360	6646
0.5994292334	619
0.5992456597	2005
0.5989879530	5345
0.5987887425	7250
0.5985045704	7799
0.5985045704	4515
0.5985045704	1195
0.5985045704	8740
0.5985045704	6126
0.5985045704	1313
0.5984361738	7920
0.5984170128	5346
0.5983545449	5516
0.5983386850	1934
0.5980048735	4418
0.5978357825	1878
0.5977734849	39
0.5977195199	3641
0.5976662785	5892
0.5976287563	1318
0.5975847340	3344
0.5973719520	3247
0.5973671019	1353
0.5973542432	1611
0.5971630216	16950
0.5971630216	11638
0.5971630216	8975
0.5971630216	4928
0.5971630216	17593
0.5971630216	12803
0.5971630216	12632
0.5971630216	11473
0.5971630216	8807
0.5971630216	7836
0.5971630216	4612
0.5971597353	4588
0.5969772079	12775
0.5969772079	7318
0.5969753195	7213
0.5969753195	9442
0.5968906492	3403
0.5967305812	1416
0.5966945827	5887
0.5965183737	4026
0.5964210522	11601
0.5960698421	12358
0.5958795361	11949
0.5958647581	4436
0.5956041760	5206
0.5954277705	2516
0.5953693694	6241
0.5953521256	1800
0.5952640171	9420
0.5952640171	4232
0.5952640171	9143
0.5952640171	6563
0.5948140850	2258
0.5947909627	5338
0.5947909627	44
0.5947840622	1634
0.5946064550	690
0.5945910657	17874
0.5945910657	10171
0.5945910657	6947
0.5945480109	10068
0.5945318206	7378
0.5944899517	5667
0.5944888377	6750
0.5944810779	3319
0.5943226881	14142
0.5942410721	2785
0.5941959120	1740
0.5941940375	4467
0.5941390037	2177
0.5937103186	13576
0.5936434744	1815
0.5935591575	1238
0.5934899048	11930
0.5934872335	16340
0.5934712934	5950
0.5933542684	5981
0.5932918410	8571
0.5932918410	2592
0.5929505590	6809
0.5929505590	3624
0.5929505590	13765
0.5929505590	13630
0.5929505590	13425
0.5929505590	13262
0.5929505590	11559
0.5929505590	9633
0.5929505590	9583
0.5929505590	7032
0.5929505590	7015
0.5929505590	6362
0.5929505590	4328
0.5929505590	11928
0.5929505590	7938
0.5926622547	5700
0.5925482886	2839
0.5919452512	7979
0.5919162514	5364
0.5919108775	2990
0.5916720719	8069
0.5916363900	8704
0.5915228256	3105
0.5914715600	8853
0.5914715600	14262
0.5914167583	5328
0.5914167583	3329
0.5914167583	3958
0.5914125215	1126
0.5913296537	17008
0.5912589138	561
0.5912534187	6774
0.5910603597	3816
0.5910460534	14722
0.5910102814	5916
0.5910102814	10850
0.5910102814	8560
0.5909246623	13738
0.5909109106	2111
0.5908834699	9433
0.5908605674	3753
0.5908566918	16311
0.5908566918	10419
0.5908566918	6162
0.5908566918	16093
0.5907969361	15163
0.5907506542	13735
0.5907071658	9434
0.5904082128	12342
0.5901817536	4016
0.5901725068	3197
0.5901234174	3427
0.5900960981	11256
0.5900560197	11547
0.5898594771	11402
0.5898594771	7212
0.5898491439	8446
0.5897704799	11139
0.5897704799	10325
0.5897664153	4384
0.5895167675	11012
0.5895148749	8065
0.5894424798	1459
0.5890698978	3916
0.5890164949	17006
0.5888699249	8048
0.5888699249	7586
0.5888521282	8999
0.5886904351	12584
0.5883485936	957
0.5882262486	1905
0.5880138302	4057
0.5878352557	11353
0.5878352557	15925
0.5878352557	15852
0.5878352557	14631
0.5878352557	12472
0.5878352557	10415
0.5878352557	10113
0.5878352557	16233
0.5878352557	1646
0.5875811037	14910
0.5875779506	8251
0.5871678525	7623
0.5871677682	3552
0.5868913577	3175
0.5867679860	6078
0.5867443375	3860
0.5867260147	14694
0.5865679002	6571
0.5864316218	7977
0.5862978433	3718
0.5860366239	2057
0.5859580066	13160
0.5859580066	8970
0.5859580066	7853
0.5859580066	3566
0.5859580066	1035
0.5859580066	12242
0.5859580066	8541
0.5859580066	7022
0.5859580066	6942
0.5859580066	1603
0.5859580066	269
0.5859580066	16514
0.5859452176	3337
0.5859207160	10623
0.5859207160	2589
0.5856558253	6833
0.5856558253	4240
0.5852863201	1877
0.5851614244	3840
0.5848515053	4004
0.5848211481	9631
0.5848211481	7201
0.5848211481	6720
0.5848211481	13749
0.5848211481	11338
0.5848211481	9369
0.5848211481	4339
0.5848211481	3691
0.5848055051	3689
0.5845833150	12633
0.5845833150	12143
0.5845833150	11290
0.5845833150	10304
0.5845833150	9729
0.5845833150	9626
0.5845833150	7491
0.5845833150	5775
0.5845833150	1417
0.5845833150	1023
0.5843765308	1920
0.5842397241	3280
0.5841973606	892
0.5841949506	13161
0.5841949506	13158
0.5840151496	2840
0.5834494825	4575
0.5834021610	525
0.5832679860	3659
0.5831970644	12355
0.5831970644	17353
0.5831970644	16675
0.5831970644	16668
0.5831970644	14485
0.5831970644	14111
0.5831970644	13144
0.5831970644	11810
0.5831970644	11225
0.5831970644	11224
0.5831970644	11154
0.5831970644	10636
0.5831970644	10625
0.5831970644	10622
0.5831970644	10217
0.5831970644	7672
0.5831970644	2995
0.5831970644	2855
0.5831970644	7555
0.5831425599	4908
0.5831425599	4542
0.5827614983	8067
0.5827614983	2174
0.5826479181	3948
0.5824109387	2812
0.5822915804	2579
0.5822546947	4411
0.5822162337	4132
0.5822076634	11333
0.5822076634	6341
0.5822076634	6142
0.5822076634	3854
0.5822076634	1357
0.5821684173	8627
0.5821684173	3010
0.5821684173	2078
0.5821581190	6544
0.5818849026	3230
0.5817423781	527
0.5815732299	3841
0.5815406140	1247
0.5815240658	17835
0.5815180093	2143
0.5814783913	6541
0.5814227821	4947
0.5813688366	1074
0.5813003531	3318
0.5811861042	4905
0.5811531823	4878
0.5809346618	10842
0.5809144604	383
0.5809108384	2662
0.5807905122	4352
0.5806111586	687
0.5803260039	14260
0.5802939531	12601
0.5802335551	4779
0.5802335551	5924
0.5801639263	7719
0.5801598227	4563
0.5801470606	2713
0.5800740418	3780
0.5800622729	1231
0.5799760471	15341
0.5799760471	10261
0.5799760471	3879
0.5799760471	14240
0.5799760471	12377
0.5799760471	7624
0.5798857323	285
0.5798848374	2085
0.5797829415	9437
0.5797653015	9613
0.5797261491	10163
0.5797261491	6779
0.5796806945	3040
0.5796167364	420
0.5792965830	1508
0.5792828084	260
0.5791825146	8284
0.5791212775	4414
0.5789654721	13187
0.5789654721	9322
0.5788050151	1894
0.5787316896	1267
0.5786683631	11898
0.5786683631	9935
0.5786683631	4381
0.5785573724	6090
0.5785573724	11274
0.5785144609	4234
0.5785144609	9661
0.5783675724	1135
0.5782716756	1061
0.5782083299	4369
0.5780948650	6524
0.5780125656	889
0.5779827587	894
0.5778045637	2220
0.5777951939	5174
0.5773432872	4968
0.5773326333	3226
0.5772816304	2171
0.5771680361	7910
0.5771680361	5297
0.5771224389	4452
0.5770572089	3822
0.5770259160	11742
0.5770000208	466
0.5767976925	2020
0.5766132123	712
0.5763626849	1388
0.5763007517	11362
0.5763007517	10267
0.5762456017	762
0.5762042254	5379
0.5761388485	3446
0.5759573735	6916
0.5758656472	3137
0.5758244131	1022
0.5758126294	5600
0.5758126294	8991
0.5755118082	505
0.5753220192	5153
0.5753220192	5175
0.5752512595	2368
0.5751183234	11835
0.5750172521	1159
0.5748073002	3853
0.5746626125	4615
0.5745542739	13920
0.5745542739	7731
0.5745542739	5086
0.5745002864	5326
0.5745002864	5046
0.5745002864	12094
0.5745002864	10044
0.5745002864	9926
0.5745002864	9393
0.5745002864	7353
0.5745002864	4769
0.5745002864	4208
0.5745002864	3880
0.5745002864	3357
0.5745002864	3139
0.5745002864	3990
0.5744889013	696
0.5744540795	253
0.5743970209	8227
0.5743970209	7818
0.5743970209	1044
0.5743306139	5907
0.5742058552	6112
0.5741529058	14893
0.5741422593	14381
0.5740281364	1935
0.5739724871	10185
0.5739413969	301
0.5738660456	1257
0.5736158152	12730
0.5736158152	7473
0.5736158152	10827
0.5736158152	5148
0.5736158152	4080
0.5736158152	3389
0.5735612470	10814
0.5735612470	9193
0.5735612470	8500
0.5735612470	6127
0.5735612470	4383
0.5735110755	3223
0.5733222682	648
0.5731044664	6360
0.5731044664	13389
0.5731044664	13143
0.5731044664	5524
0.5731044664	3914
0.5731044664	3171
0.5729796959	7550
0.5729062670	16503
0.5728781909	2017
0.5728152974	3383
0.5728138968	1901
0.5726481923	4429
0.5726329062	9421
0.5725319446	11200
0.5725319446	11195
0.5725064129	463
0.5724486516	6007
0.5724333886	1277
0.5723821293	8706
0.5723821293	9856
0.5723821293	8286
0.5723821293	3843
0.5722751362	3529
0.5722606309	6687
0.5721543841	5494
0.5721342560	6282
0.5720700055	2238
0.5720602645	1640
0.5720416595	4130
0.5720403955	6140
0.5719170512	2071
0.5716986721	5994
0.5716399375	1774
0.5712091910	2475
0.5710462593	4279
0.5710181309	13512
0.5710153861	2900
0.5709838851	2859
0.5708518435	637
0.5707637684	1616
0.5707484475	7866
0.5706454681	5292
0.5706104019	3635
0.5704747844	1420
0.5703709135	633
0.5702792815	11167
0.5702792815	7270
0.5701411596	1083
0.5701411596	7229
0.5701411596	6814
0.5700245600	3107
0.5699635935	7085
0.5699635935	16120
0.5699635935	12717
0.5699635935	12005
0.5699635935	8543
0.5699635935	7808
0.5699635935	5235
0.5699031433	9176
0.5699031433	8198
0.5698810288	7755
0.5697007854	2780
0.5696441060	684
0.5696150654	15335
0.5695897144	4215
0.5694948699	6806
0.5693911520	3311
0.5691989722	1522
0.5691868364	9032
0.5691133546	4569
0.5689563145	1897
0.5686491296	62
0.5686374306	2249
0.5686128426	4046
0.5683444307	8711
0.5683353310	394
0.5682507384	1033
0.5678522197	293
0.5678522197	11403
0.5678369212	8181
0.5678369212	7331
0.5678369212	4827
0.5677790267	11277
0.5677790267	7062
0.5677790267	2591
0.5675593996	5043
0.5674515277	7093
0.5674392644	4314
0.5674113139	4738
0.5673478931	2126
0.5673392636	987
0.5672498589	5984
0.5672402754	3804
0.5672331176	1523
0.5670806016	1184
0.5669806259	13583
0.5669806259	9687
0.5669806259	8252
0.5669806259	9001
0.5669806259	5982
0.5669541522	7668
0.5669541522	5071
0.5668613502	1783
0.5668423165	3151
0.5668049262	17159
0.5664848380	1250
0.5664344940	2629
0.5663656404	4586
0.5663403016	1886
0.5662748816	1778
0.5662748816	1274
0.5662748816	4650
0.5661340188	9997
0.5661340188	8476
0.5661340188	5380
0.5661340188	3213
0.5660624141	3117
0.5660345049	11636
0.5659610448	462
0.5658596575	830
0.5655180432	3391
0.5654099487	8767
0.5652946193	3381
0.5652278199	3633
0.5651185213	2587
0.5651185213	2420
0.5649808667	1859
0.5649176666	4492
0.5648995508	4536
0.5648773523	6014
0.5648526056	155
0.5648045419	222
0.5646834742	8458
0.5646239456	5059
0.5644044778	150
0.5635765728	2749
0.5635474688	2175
0.5633856717	7925
0.5633856717	2934
0.5633029197	6363
0.5633029197	2901
0.5633029197	991
0.5629060665	8549
0.5626866554	1225
0.5626745609	3238
0.5626232350	7055
0.5626232350	14539
0.5626232350	7649
0.5626232350	3435
0.5626232350	3088
0.5625892336	3462
0.5625481467	10647
0.5625481467	5282
0.5625481467	4304
0.5625204273	3317
0.5624625033	16692
0.5624568677	2260
0.5622826475	2137
0.5621419290	6828
0.5620032173	3296
0.5617846479	4335
0.5616029527	824
0.5615391370	3372
0.5615083096	6371
0.5614478105	4107
0.5612901839	1429
0.5611438139	2526
0.5608835094	268
0.5607605375	4520
0.5606453046	781
0.5605077503	5874
0.5604962975	9655
0.5604962975	6543
0.5604962975	961
0.5604962975	13653
0.5604962975	9862
0.5604962975	7899
0.5604962975	7472
0.5604962975	7304
0.5604962975	7068
0.5604962975	6937
0.5604962975	6842
0.5604962975	6569
0.5604962975	5602
0.5604962975	5077
0.5604962975	3861
0.5604962975	3575
0.5604962975	3039
0.5604962975	2746
0.5604962975	1749
0.5604962975	15399
0.5604962975	2857
0.5603871959	266
0.5602881078	414
0.5601852436	2622
0.5601283924	2234
0.5600774659	585
0.5599771427	780
0.5598295033	4999
0.5596941390	11503
0.5596941390	6131
0.5596941390	2895
0.5595149939	1509
0.5595112304	760
0.5590962850	1430
0.5590017798	345
0.5589736575	2837
0.5588683132	2980
0.5588660297	7442
0.5588360481	2067
0.5587895211	1971
0.5587206241	3906
0.5586660352	7622
0.5586203034	352
0.5585515156	4642
0.5585445516	15854
0.5585445516	14520
0.5584824094	11769
0.5584824094	7807
0.5584639601	704
0.5581678159	1437
0.5581266369	4663
0.5580529100	2469
0.5580315714	2364
0.5579115345	1956
0.5578919047	8545
0.5578588209	4094
0.5577301198	6498
0.5576344836	10027
0.5574860395	2731
0.5574858196	8142
0.5574858196	4176
0.5574025528	8487
0.5573600833	11263
0.5573341528	4002
0.5573145234	6790
0.5571353886	1471
0.5570946220	12822
0.5568752681	533
0.5561022995	1605
0.5560202680	1941
0.5559166167	8098
0.5557166663	1861
0.5556513740	4580
0.5555405862	2519
0.5554806150	9412
0.5553709725	4776
0.5553349239	528
0.5553121399	448
0.5552221866	5554
0.5552221163	6967
0.5551727164	4621
0.5551242847	2872
0.5551190475	920
0.5548888115	1106
0.5548067881	814
0.5547857895	7255
0.5547857895	6437
0.5547857895	4568
0.5546778020	11673
0.5546536067	7666
0.5544444700	2293
0.5544283189	1871
0.5544098132	8261
0.5542163405	1398
0.5540751396	4346
0.5540289823	1
0.5540119162	3525
0.5540037130	11694
0.5539487036	3523
0.5539487036	7063
0.5537783547	1060
0.5536102105	11995
0.5534398485	10
0.5534379964	7113
0.5533503484	4906
0.5532723907	2145
0.5528873017	125
0.5528706859	1145
0.5528185804	11485
0.5528185804	9454
0.5527038575	9078
0.5524879744	3202
0.5524879744	1299
0.5524879744	7902
0.5524879744	4020
0.5524879744	2957
0.5524336106	2494
0.5524214086	3308
0.5524080158	3360
0.5523786071	2330
0.5523675750	1823
0.5523287058	2131
0.5523239864	3508
0.5522998581	935
0.5522647807	10613
0.5521033405	365
0.5520737062	2254
0.5519927258	1213
0.5517822200	4068
0.5517047344	1604
0.5516780607	1652
0.5516095430	250
0.5515524435	2021
0.5514203749	10970
0.5514119919	765
0.5513316301	5502
0.5512470318	7710
0.5512470318	6850
0.5512333230	12136
0.5511109742	10016
0.5510636797	1190
0.5510073841	1706
0.5509845722	8223
0.5509571982	11106
0.5509366573	9773
0.5508768243	601
0.5504881188	2685
0.5503347023	1467
0.5502018724	3002
0.5501973379	1283
0.5499167954	8663
0.5499167954	1705
0.5498173170	8305
0.5498173170	4755
0.5498173170	4100
0.5498173170	2842
0.5498173170	1260
0.5498173170	11621
0.5498173170	8844
0.5498173170	8833
0.5498173170	8009
0.5498173170	7886
0.5498173170	2925
0.5498173170	2527
0.5496688721	4751
0.5495767085	485
0.5492919156	6379
0.5492919156	2866
0.5491147536	12726
0.5491147536	12333
0.5491147536	11546
0.5491147536	7538
0.5491147536	5711
0.5491147536	5535
0.5491147536	5144
0.5491147536	5139
0.5491147536	4926
0.5491147536	16238
0.5491147536	10868
0.5491147536	6230
0.5491147536	5567
0.5491147536	4628
0.5490940461	3993
0.5489366888	507
0.5489216877	51
0.5488994722	3187
0.5487683930	4995
0.5487262014	2825
0.5485747226	7069
0.5483971691	4692
0.5483718120	1079
0.5483640157	136
0.5483041372	7191
0.5480681161	351
0.5479830030	4553
0.5475614062	3205
0.5474215856	10865
0.5474215856	7561
0.5474215856	5327
0.5474215856	3419
0.5472875391	5115
0.5471449500	680
0.5470857437	2112
0.5470792060	723
0.5468344829	3741
0.5468308564	6030
0.5467925686	1077
0.5466680047	4194
0.5466006143	4696
0.5464939937	2262
0.5464922430	4659
0.5464249906	7408
0.5462857513	1057
0.5462529914	2645
0.5461971619	6184
0.5461971619	3394
0.5461971619	1300
0.5461971619	456
0.5461186576	898
0.5458472231	6605
0.5458472231	4719
0.5458472231	3437
0.5458472231	566
0.5458472231	9336
0.5458264152	759
0.5458084385	5383
0.5457863629	1239
0.5457068114	958
0.5452208468	7761
0.5450038842	3505
0.5449176968	9847
0.5448783242	1440
0.5447845442	2082
0.5447622368	386
0.5447622368	7796
0.5445000066	3670
0.5444538064	1222
0.5444374507	5076
0.5444183274	2811
0.5443535279	1713
0.5442261553	2165
0.5442261553	5378
0.5440867287	3559
0.5440656257	14392
0.5440656257	9518
0.5440656257	9390
0.5440656257	7940
0.5440433202	9226
0.5439399644	7930
0.5439011038	3188
0.5438483768	3774
0.5436940933	2158
0.5436219285	10042
0.5434433268	6285
0.5432539969	14543
0.5432539969	10927
0.5432539969	6927
0.5432539969	6415
0.5432539969	2353
0.5432539969	2034
0.5432539969	489
0.5431280972	1428
0.5430889253	2715
0.5430587315	474
0.5430017031	9409
0.5429723863	3716
0.5427391733	1908
0.5426703494	3350
0.5426356060	8441
0.5424952117	1332
0.5424826422	552
0.5424072103	6168
0.5424035627	8798
0.5424035627	3721
0.5423707725	6084
0.5422250915	2051
0.5420063485	4694
0.5419793017	1040
0.5419569610	12626
0.5419569610	11599
0.5419569610	5548
0.5418889523	1628
0.5417916261	823
0.5417562705	931
0.5417260537	2777
0.5414001071	3846
0.5411789316	4510
0.5410890350	8196
0.5410765146	1423
0.5410765146	3118
0.5410111267	1214
0.5409631986	1408
0.5408424604	7083
0.5408424604	13209
0.5408424604	9993
0.5408424604	4556
0.5408424604	2634
0.5406707539	10358
0.5406530701	2299
0.5406530701	10416
0.5405713986	5541
0.5405514426	3106
0.5405304569	4392
0.5404938308	3984
0.5404063064	1811
0.5403570684	1351
0.5402773208	371
0.5401928729	3200
0.5400834699	3602
0.5398162217	574
0.5395264455	11029
0.5395264455	7601
0.5395264455	2681
0.5394633818	2332
0.5392672465	4643
0.5392423608	1178
0.5391964934	263
0.5391490359	2285
0.5391101315	7077
0.5391101315	4187
0.5390130689	5162
0.5390088977	4102
0.5389159517	1339
0.5387940145	2905
0.5387194047	2035
0.5386773674	1530
0.5385950482	13010
0.5385950482	13394
0.5385950482	11878
0.5385950482	10046
0.5385950482	6922
0.5385950482	5087
0.5385950482	4468
0.5385950482	4049
0.5385950482	3706
0.5385950482	2641
0.5383810020	8585
0.5383616309	100
0.5381202674	8680
0.5380931368	1547
0.5379910589	8448
0.5379781226	7245
0.5378973401	1461
0.5377913422	1930
0.5377332336	5551
0.5375825663	3895
0.5373226993	5356
0.5371967998	4610
0.5371906277	5957
0.5370643147	2026
0.5369117576	320
0.5369062429	3330
0.5367526577	17434
0.5367526577	2509
0.5367526577	15300
0.5367526577	14901
0.5367436465	479
0.5367380822	8922
0.5366075486	2025
0.5365723289	5168
0.5365659009	5571
0.5365518933	5000
0.5365145019	15931
0.5365145019	15859
0.5365145019	15316
0.5365145019	13538
0.5365145019	13471
0.5365145019	12351
0.5365145019	12161
0.5365145019	12001
0.5365145019	11121
0.5365145019	8250
0.5365145019	7757
0.5365145019	4619
0.5365145019	3194
0.5364124586	7023
0.5364081926	838
0.5362957979	2006
0.5362267819	11279
0.5362267819	7828
0.5362171187	395
0.5359914530	3275
0.5359443745	4458
0.5359443745	1419
0.5359150542	7580
0.5357848732	877
0.5357635506	5644
0.5357121209	3748
0.5356733718	1147
0.5356197294	142
0.5356195079	1663
0.5355914496	3241
0.5355461920	4765
0.5354057173	6777
0.5353775551	5163
0.5353655317	1521
0.5351868206	5728
0.5351393755	1837
0.5351125015	6943
0.5350773591	1539
0.5350449524	104
0.5349017239	10189
0.5348902075	1977
0.5348452621	5592
0.5348291437	252
0.5347751225	2013
0.5347103989	449
0.5345327437	1065
0.5344461989	2246
0.5343657635	603
0.5343500349	11369
0.5343500349	14696
0.5341823159	9320
0.5341418460	1362
0.5340713372	15537
0.5340713372	7577
0.5340713372	3517
0.5340488912	1013
0.5338559926	946
0.5337794200	2452
0.5336260375	217
0.5335528056	2351
0.5334863656	6915
0.5334243659	2327
0.5334147903	5
0.5333110875	7637
0.5333089853	2248
0.5332817034	10907
0.5330873320	2334
0.5330349884	9422
0.5329428765	1034
0.5329012050	1050
0.5328330522	1075
0.5327563928	10985
0.5327563928	5337
0.5327563928	8479
0.5327563928	3678
0.5327563928	1753
0.5325316229	3290
0.5325174150	10700
0.5324726772	16261
0.5324726772	8855
0.5321159992	5910
0.5321159992	4317
0.5321066172	5658
0.5320887913	5191
0.5320820514	3192
0.5320414269	2396
0.5320375698	4687
0.5317329544	4295
0.5315624703	5735
0.5313742052	11466
0.5312917356	17906
0.5312917356	15494
0.5312917356	15369
0.5312917356	15070
0.5312917356	15016
0.5312917356	14735
0.5312917356	13541
0.5312917356	13215
0.5312917356	12640
0.5312917356	12625
0.5312917356	12168
0.5312917356	11548
0.5312917356	11116
0.5312917356	10178
0.5312917356	9965
0.5312917356	9924
0.5312917356	9589
0.5312917356	8785
0.5312917356	8297
0.5312917356	7417
0.5312917356	5264
0.5312917356	5038
0.5312917356	1492
0.5307852027	3701
0.5307230467	10117
0.5307230467	1583
0.5307122127	8779
0.5306448789	13
0.5306309145	772
0.5306309145	747
0.5304817460	6907
0.5304412318	1004
0.5304088077	572
0.5302451693	6439
0.5301093329	17018
0.5299433737	3762
0.5297980484	4604
0.5297394844	5880
0.5295009576	1929
0.5294997116	6785
0.5293973789	4025
0.5293374916	17168
0.5293374916	15275
0.5293374916	14593
0.5293374916	13686
0.5293374916	13060
0.5293374916	12973
0.5293374916	12357
0.5293374916	9938
0.5293374916	9702
0.5293374916	8127
0.5293374916	8000
0.5293374916	7947
0.5293374916	6502
0.5293374916	4540
0.5293374916	4443
0.5293374916	4400
0.5293374916	3784
0.5293374916	3328
0.5293374916	2037
0.5293374916	1907
0.5293374916	1500
0.5293374916	851
0.5293374916	11852
0.5293374916	11794
0.5293374916	11732
0.5293374916	10577
0.5293374916	9487
0.5293374916	9471
0.5293374916	9040
0.5293374916	6628
0.5293374916	6124
0.5293374916	3102
0.5293374916	2915
0.5292570577	6514
0.5292145579	4620
0.5291941423	1595
0.5291439371	5094
0.5291314359	681
0.5291122029	727
0.5289858791	1483
0.5289811104	3668
0.5289125184	3359
0.5288693789	5632
0.5288693789	5322
0.5288693789	3597
0.5288655346	11248
0.5288439627	9106
0.5287982124	6709
0.5286149564	10187
0.5286149564	8304
0.5286149564	7821
0.5286149564	3578
0.5286149564	2847
0.5286149564	14391
0.5286149564	8206
0.5286149564	8150
0.5286149564	7391
0.5286149564	6035
0.5286149564	2660
0.5284421797	7018
0.5283145888	5215
0.5283145888	10179
0.5281188090	5902
0.5280343306	1770
0.5278976704	3541
0.5275194378	556
0.5274250558	6748
0.5273838016	4756
0.5273452560	1904
0.5273241320	869
0.5272869504	121
0.5272792757	2300
0.5271731422	5193
0.5271731422	4206
0.5271731422	3023
0.5270896435	4410
0.5270560497	5129
0.5269814381	10047
0.5269814381	7188
0.5269814381	13033
0.5269814381	9715
0.5269814381	7694
0.5268306769	5912
0.5268232680	7678
0.5266940694	1120
0.5266493916	118
0.5264979759	4891
0.5264958517	5869
0.5264546793	657
0.5263932446	1802
0.5261560037	5453
0.5260137548	665
0.5260000308	3236
0.5259918845	261
0.5259346455	1955
0.5258318139	6713
0.5256993643	1863
0.5256747611	880
0.5256261489	2252
0.5256238780	11576
0.5256158004	2766
0.5255907449	883
0.5255742836	1350
0.5255330697	1854
0.5254637109	1187
0.5254217203	1456
0.5253368414	4042
0.5253157308	6416
0.5250262771	10183
0.5250262771	6819
0.5249917749	4367
0.5248663960	4767
0.5247239657	2075
0.5246645519	2805
0.5245961187	3868
0.5245680920	398
0.5244996490	7407
0.5244694791	1723
0.5244102747	11931
0.5244102747	3054
0.5242227858	1772
0.5242223732	1426
0.5241275861	5989
0.5241275861	4258
0.5241275861	3617
0.5241275861	3573
0.5241275861	3198
0.5239889572	1198
0.5238934749	9470
0.5238934749	12733
0.5238575480	3702
0.5237466045	3312
0.5236137093	4156
0.5234960239	5172
0.5234678093	5342
0.5234678093	9860
0.5234678093	750
0.5233669911	3801
0.5232860130	1212
0.5231909263	3863
0.5229527254	5074
0.5229527254	6797
0.5228519378	1191
0.5228177375	1880
0.5227442528	13605
0.5227442528	5222
0.5227355486	11212
0.5227355486	1622
0.5227355486	5006
0.5227355486	5004
0.5227355486	2907
0.5227355486	6562
0.5222944970	879
0.5222349805	3599
0.5221625870	1623
0.5220935038	6144
0.5220935038	5488
0.5220935038	4007
0.5217571401	15376
0.5217571401	13222
0.5217571401	13141
0.5217571401	7084
0.5217571401	7080
0.5217571401	5866
0.5217571401	4904
0.5217571401	4379
0.5217571401	11250
0.5217571401	7111
0.5216968933	3313
0.5216250497	9981
0.5216246938	573
0.5215508141	2301
0.5215205599	3693
0.5213628558	6765
0.5212470660	1122
0.5212095755	9606
0.5210548000	4927
0.5210548000	1826
0.5209460222	3125
0.5209218691	2282
0.5207982202	7236
0.5207446220	2856
0.5206042307	1396
0.5203926074	1655
0.5203481517	1363
0.5203400312	1259
0.5202485938	3834
0.5201456280	11509
0.5201456280	2216
0.5201223334	662
0.5201164878	376
0.5200180669	2227
0.5199621516	124
0.5199171786	119
0.5198523144	98
0.5197934690	6016
0.5196898915	152
0.5196330039	1266
0.5195911983	11606
0.5195613933	5886
0.5195274006	2734
0.5195089875	11950
0.5195089875	10551
0.5195089875	10538
0.5195089875	10013
0.5195089875	9709
0.5195089875	9469
0.5195089875	8797
0.5195089875	8513
0.5195089875	8218
0.5195089875	7879
0.5195089875	7641
0.5195089875	7592
0.5195089875	7399
0.5195089875	7048
0.5195089875	5998
0.5195089875	5643
0.5195089875	4636
0.5195089875	4601
0.5195089875	3283
0.5195089875	768
0.5195089875	8613
0.5194735079	2187
0.5194384083	143
0.5194159762	1531
0.5193865365	249
0.5192689809	1612
0.5192624617	10329
0.5192624617	4382
0.5192624617	2451
0.5192624617	2310
0.5192367103	5422
0.5192162705	4794
0.5191325790	1635
0.5191325790	4310
0.5191325790	2727
0.5190438090	6863
0.5189448779	4425
0.5188849359	2752
0.5188699566	185
0.5188262351	6841
0.5186591343	4117
0.5186063406	1489
0.5185984768	459
0.5183306965	3941
0.5182913809	2484
0.5179702887	1064
0.5178687221	1762
0.5178372577	491
0.5178127966	4188
0.5177505285	986
0.5176928357	8638
0.5176928357	4965
0.5176928357	2619
0.5176928357	2560
0.5176928357	1354
0.5176928357	6818
0.5176928357	6318
0.5176928357	5414
0.5176928357	5173
0.5176928357	4861
0.5176928357	4546
0.5176928357	4200
0.5176928357	1921
0.5176928357	147
0.5174537892	9368
0.5174537892	6024
0.5174537892	5278
0.5174537892	1866
0.5173999706	695
0.5173460888	3937
0.5172576707	2694
0.5172356016	2544
0.5171965848	404
0.5169946085	848
0.5169941610	5615
0.5169941610	2981
0.5168869345	3950
0.5167278931	932
0.5167097460	7708
0.5166378572	6504
0.5165667620	8031
0.5164278666	32
0.5163701777	441
0.5163640102	7205
0.5161860361	4084
0.5160634427	3629
0.5159972519	4671
0.5159694148	10052
0.5159694148	7456
0.5156656515	1015
0.5155932420	3240
0.5155083218	1954
0.5153051435	3448
0.5152637869	1468
0.5151954170	6989
0.5150447317	3037
0.5150303219	7717
0.5150055092	2425
0.5148564954	4487
0.5147461168	620
0.5147234265	839
0.5143780566	5576
0.5143426574	5988
0.5143394976	3749
0.5141420297	4599
0.5141234805	3177
0.5141115531	1997
0.5140665673	8165
0.5140482173	5736
0.5139903427	234
0.5139828645	4608
0.5139806637	2586
0.5139629792	5069
0.5138108984	5417
0.5138108984	529
0.5138108984	517
0.5138095686	1051
0.5134109528	2996
0.5134054942	4533
0.5131745755	2477
0.5131418248	543
0.5131007145	1221
0.5130895045	8006
0.5130895045	6789
0.5130895045	4477
0.5130895045	2151
0.5130895045	1105
0.5130895045	14931
0.5130895045	9295
0.5130895045	6066
0.5130895045	6051
0.5130895045	5942
0.5130895045	5657
0.5130895045	5405
0.5130895045	4363
0.5130455706	267
0.5130323374	3799
0.5130027378	2049
0.5129494146	265
0.5129250965	6510
0.5129001376	3524
0.5128773279	6083
0.5128618054	784
0.5127494473	475
0.5126944170	2355
0.5126718990	3982
0.5126148944	1809
0.5124898981	626
0.5124710477	1067
0.5124624656	2077
0.5124562718	8462
0.5124216078	3785
0.5122938727	271
0.5121253012	3692
0.5121253012	1210
0.5121021866	5604
0.5120710003	4039
0.5119631392	2854
0.5119354543	7638
0.5119234015	6503
0.5119234015	6677
0.5117632418	2754
0.5117159503	1548
0.5115097709	822
0.5114461487	861
0.5112869982	276
0.5112020531	1276
0.5111033581	4625
0.5110066342	1046
0.5109866191	4131
0.5109698376	1828
0.5109355773	1141
0.5108362043	4957
0.5108362043	1881
0.5107902960	1069
0.5107684854	5186
0.5107684854	4118
0.5106602144	20
0.5106493894	3969
0.5106312403	970
0.5105701695	1532
0.5105304515	5229
0.5103272187	7781
0.5103272187	3548
0.5102257051	1636
0.5101408857	5533
0.5099421903	8792
0.5098916899	9807
0.5098916899	8123
0.5098916899	8105
0.5098916899	6273
0.5098916899	6174
0.5098916899	13740
0.5098916899	13203
0.5098916899	11891
0.5098916899	11635
0.5098916899	11531
0.5098916899	11358
0.5098916899	11330
0.5098916899	11313
0.5098916899	10681
0.5098916899	10642
0.5098916899	9914
0.5098916899	9892
0.5098916899	9411
0.5098916899	9239
0.5098916899	9029
0.5098916899	9009
0.5098916899	9008
0.5098916899	8731
0.5098916899	8718
0.5098916899	8248
0.5098916899	7839
0.5098916899	6798
0.5098916899	6711
0.5098916899	6373
0.5098916899	5895
0.5098916899	5373
0.5098916899	4887
0.5098916899	4309
0.5098916899	4179
0.5098916899	3989
0.5098916899	3940
0.5098916899	3477
0.5098916899	3256
0.5098916899	3075
0.5098916899	2481
0.5098916899	1765
0.5098916899	15281
0.5098916899	13586
0.5098916899	11998
0.5098916899	11943
0.5098916899	10393
0.5098916899	8802
0.5098916899	6057
0.5098916899	5730
0.5098916899	5683
0.5098916899	5208
0.5097716294	82
0.5096314138	4877
0.5096314138	3438
0.5096314138	329
0.5096314138	7260
0.5095490773	8962
0.5095490773	4713
0.5095490773	4483
0.5094393234	2552
0.5094212301	484
0.5093585786	4265
0.5092994529	4296
0.5092959814	5739
0.5092493912	1219
0.5092442398	2569
0.5091969771	3323
0.5091366558	1209
0.5091165549	1395
0.5090752047	3356
0.5088803967	1179
0.5088641077	4730
0.5087653852	5128
0.5087593307	977
0.5086101059	607
0.5085450816	3479
0.5085326563	299
0.5084600589	132
0.5084262066	5005
0.5084262066	10309
0.5084262066	7335
0.5084262066	4519
0.5084262066	4143
0.5084262066	2189
0.5084084591	3728
0.5083639004	1670
0.5083263015	2923
0.5082649896	2141
0.5080520980	3161
0.5080141691	17
0.5079087469	3300
0.5078861818	464
0.5078067254	2668
0.5076535997	3129
0.5072783933	1641
0.5072562516	578
0.5072416413	7000
0.5070539162	10815
0.5070539162	6614
0.5070539162	5275
0.5070539162	2864
0.5069583278	4717
0.5068863787	391
0.5067697803	4982
0.5066304993	2308
0.5066241644	5188
0.5064744807	5865
0.5060854062	2023
0.5060444029	5200
0.5060392635	5823
0.5059962351	6425
0.5059865382	4139
0.5059179957	679
0.5057854965	4396
0.5055361812	5709
0.5054963934	3474
0.5054900146	270
0.5053038309	396
0.5051101587	1042
0.5050257881	1482
0.5049280032	1953
0.5045732030	7633
0.5044704688	3949
0.5044694267	5990
0.5043321385	6925
0.5043321385	6494
0.5043321385	1744
0.5043321385	940
0.5043321385	532
0.5043321385	4695
0.5043321385	1518
0.5041854968	5254
0.5041644367	5253
0.5039912394	3763
0.5038572041	242
0.5037167266	1494
0.5035330633	4083
0.5034285462	611
0.5034247638	6935
0.5034247638	5192
0.5034142925	621
0.5033763485	5228
0.5033763485	2567
0.5033379154	6710
0.5032839854	4573
0.5032839854	4040
0.5031542644	10840
0.5030040426	1045
0.5028946273	826
0.5028918504	1978
0.5028505280	4786
0.5028421670	11381
0.5028421670	4979
0.5028421670	2431
0.5026282923	357
0.5026282923	153
0.5025693800	278
0.5023651321	9072
0.5023637032	3891
0.5023637032	2830
0.5023637032	9125
0.5022493929	294
0.5022458657	3786
0.5022400529	617
0.5020340770	9191
0.5020003675	3052
0.5020003675	2911
0.5019503099	7296
0.5018493331	3442
0.5017600312	1810
0.5017409635	2764
0.5017244854	1028
0.5016347851	3913
0.5015017149	2817
0.5015017149	1298
0.5014712007	1950
0.5014071513	8684
0.5014071513	1992
0.5014071513	108
0.5013568482	11954
0.5012798407	5699
0.5012501892	390
0.5011435726	7651
0.5011174939	3027
0.5010072846	10534
0.5010072846	12201
0.5010072846	11044
0.5010072846	9201
0.5010072846	8016
0.5010072846	7533
0.5010072846	7013
0.5010072846	4684
0.5010072846	4496
0.5010072846	3542
0.5010072846	1888
0.5010072846	1099
0.5010072846	9666
0.5010072846	6540
0.5008807201	347
0.5008656449	2679
0.5006958746	2994
0.5006669570	6049
0.5004467113	3447
0.5003124339	7425
0.5002774842	3675
0.5002774842	1573
0.5002328471	2089
0.5001987737	3698
0.5001777409	3911
0.5001536323	3206
0.5001079526	3222
0.5001016501	595
0.4999357190	478
0.4997709677	1633
0.4996629233	126
0.4996259244	7021
0.4996110596	90
0.4995946265	1806
0.4995280492	3353
0.4994460599	548
0.4994186661	6573
0.4993299066	9526
0.4993207194	6987
0.4993093029	158
0.4992204708	1984
0.4989973502	3229
0.4989876011	50
0.4989552959	7298
0.4988852280	244
0.4987932098	2114
0.4987132249	1537
0.4987030020	1808
0.4985292232	5885
0.4985292232	5822
0.4985292232	12675
0.4985292232	11493
0.4985292232	9628
0.4985292232	8409
0.4985292232	6252
0.4985292232	4764
0.4985292232	10687
0.4985292232	2914
0.4985292232	2689
0.4982174305	7410
0.4980561615	10411
0.4980272398	1323
0.4979617891	2974
0.4978945108	407
0.4978857301	4498
0.4978544817	3619
0.4975945145	42
0.4975367037	749
0.4975162564	2050
0.4974570828	628
0.4974145882	8041
0.4973933891	2725
0.4972286339	8092
0.4968913757	2380
0.4968202760	676
0.4967978362	4811
0.4966816556	4334
0.4966454051	1996
0.4966454051	5363
0.4965211479	4810
0.4962505115	1891
0.4960544278	111
0.4958834425	1454
0.4953553211	3960
0.4952601717	3518
0.4950993273	3331
0.4950919749	608
0.4950774978	2342
0.4950454968	5324
0.4949991293	290
0.4949142633	1172
0.4949094486	7734
0.4948296808	321
0.4948279199	4712
0.4947705268	5719
0.4947705268	3336
0.4947705268	10425
0.4947705268	6511
0.4947705268	5085
0.4947705268	3825
0.4947705268	2259
0.4947705268	10158
0.4947705268	3540
0.4947705268	734
0.4946593963	2541
0.4946351505	6292
0.4946232576	893
0.4945920864	12656
0.4945138288	6328
0.4945138288	4489
0.4945138288	4268
0.4945138288	4252
0.4945138288	658
0.4945138288	1401
0.4944709869	1291
0.4943926697	5079
0.4943078769	7612
0.4942615757	9168
0.4941965955	2339
0.4941767755	10500
0.4941767755	2818
0.4941530115	5181
0.4941516156	2362
0.4941516156	7361
0.4941069387	1578
0.4941044160	280
0.4940657091	2009
0.4940216513	2631
0.4937770684	11038
0.4937770684	10166
0.4937770684	9601
0.4937770684	7440
0.4937770684	7117
0.4937770684	7001
0.4937770684	6612
0.4937770684	5965
0.4937770684	4614
0.4937770684	3783
0.4937770684	3119
0.4937770684	2810
0.4937770684	2603
0.4937770684	10550
0.4937770684	8512
0.4937770684	6466
0.4937770684	3908
0.4937770684	3681
0.4937770684	2447
0.4937770684	1181
0.4936918685	3976
0.4936032232	8
0.4933568801	5918
0.4928736882	6872
0.4928736882	3455
0.4928165121	4244
0.4927654878	3963
0.4927567855	2357
0.4927092917	6133
0.4926702074	370
0.4924705192	4259
0.4924705192	3844
0.4924333214	825
0.4923139038	5446
0.4920765561	2309
0.4919603873	6804
0.4919603873	6539
0.4919603873	2203
0.4919603873	2069
0.4919385513	711
0.4916348492	5008
0.4915981314	2108
0.4915981314	4135
0.4915981314	2651
0.4915981314	2317
0.4915981314	2305
0.4915580473	2896
0.4914937964	45
0.4914601982	5967
0.4913713301	10214
0.4913713301	5543
0.4913713301	1970
0.4913713301	4661
0.4911906957	6691
0.4911906957	6253
0.4911906957	4881
0.4911117607	5679
0.4910058619	2241
0.4909550148	12361
0.4909550148	5476
0.4909550148	13359
0.4909550148	13231
0.4909550148	12744
0.4909550148	11908
0.4909550148	11708
0.4909550148	11408
0.4909550148	11032
0.4909550148	10790
0.4909550148	9951
0.4909550148	9742
0.4909550148	9553
0.4909550148	7327
0.4909550148	7227
0.4909550148	6552
0.4909550148	5954
0.4909550148	4883
0.4909550148	4219
0.4909550148	3903
0.4909550148	3153
0.4909550148	2602
0.4909550148	1517
0.4909550148	707
0.4909550148	8157
0.4909550148	8007
0.4909550148	5109
0.4909550148	4287
0.4909550148	2880
0.4909550148	2542
0.4907079370	5991
0.4906238117	3184
0.4905261180	11432
0.4905261180	7043
0.4905261180	165
0.4905261180	3182
0.4904716777	4245
0.4904710812	452
0.4903310414	4171
0.4902967247	1180
0.4902275358	2363
0.4901667689	2744
0.4900927700	746
0.4900426987	137
0.4899921695	2538
0.4899199194	943
0.4898990206	10120
0.4898990206	6591
0.4898275223	5582
0.4898041462	99
0.4897870290	1442
0.4897870290	9497
0.4897870290	296
0.4897870290	4986
0.4897755963	8139
0.4897755963	9651
0.4897755963	1909
0.4897755963	1647
0.4897755963	1434
0.4897755963	801
0.4897755963	5154
0.4897755963	5080
0.4897755963	4538
0.4897755963	3800
0.4897533340	960
0.4897192713	6109
0.4896697414	4953
0.4896573306	1669
0.4895385665	4344
0.4893200606	1427
0.4892766306	1645
0.4892598256	1919
0.4892544242	89
0.4890915703	7072
0.4890325727	316
0.4888618690	5586
0.4888117802	1614
0.4887445204	670
0.4886368782	3284
0.4884625235	6300
0.4884625235	3634
0.4883967540	7985
0.4881211859	4417
0.4880923367	1643
0.4880677573	803
0.4877938435	1730
0.4876379891	4408
0.4876167133	6875
0.4876129016	10728
0.4876083809	6382
0.4875782946	6840
0.4875782946	3307
0.4874767368	1305
0.4874600258	434
0.4874227465	766
0.4873521682	2434
0.4873007579	4701
0.4872057882	4677
0.4871593349	2160
0.4870033461	1008
0.4869560526	3158
0.4869560526	8485
0.4869560526	1385
0.4869316976	5120
0.4869316976	3975
0.4869300085	3544
0.4868528643	281
0.4868291774	3890
0.4868275755	3074
0.4867970482	168
0.4867595965	6715
0.4864059233	1273
0.4863997531	5177
0.4863386080	6914
0.4860675393	69
0.4858983174	6775
0.4858331961	2548
0.4858169363	563
0.4857711415	3082
0.4857711415	1587
0.4856346393	233
0.4856249420	3600
0.4852735743	2341
0.4852475770	1942
0.4852475770	3463
0.4850695020	2906
0.4850517153	2173
0.4850473318	6465
0.4850473318	4362
0.4850255870	1889
0.4850033052	2873
0.4849937271	1368
0.4849937271	8307
0.4849166176	1352
0.4848270727	2946
0.4847860547	3973
0.4847197873	688
0.4846399715	3644
0.4845915011	1108
0.4845146897	891
0.4844035239	950
0.4843908065	3832
0.4843570708	8628
0.4840167099	3538
0.4839521570	176
0.4839240957	1575
0.4838884195	4511
0.4838884195	3239
0.4838536515	2039
0.4837282050	5674
0.4836652145	6627
0.4836636505	174
0.4835985763	1524
0.4835092272	2674
0.4834735042	3697
0.4834140004	631
0.4833334799	2132
0.4832355957	6962
0.4832355957	4781
0.4832355957	4024
0.4832174807	5971
0.4831290207	5344
0.4828878741	10043
0.4828796801	1666
0.4827968932	4192
0.4827877506	1349
0.4827877506	2061
0.4827877506	873
0.4826742309	5138
0.4826742309	5891
0.4826581983	965
0.4826581983	809
0.4826405991	559
0.4826405991	5286
0.4825465425	2266
0.4824699184	2876
0.4824028614	1565
0.4823629895	9432
0.4823234484	6003
0.4821701812	4088
0.4821699702	2999
0.4820669576	4428
0.4820569873	5003
0.4819506949	4112
0.4817964541	3305
0.4817720241	7025
0.4817499562	3086
0.4816777737	3278
0.4816610251	982
0.4816205830	3511
0.4815504913	3962
0.4815293412	2292
0.4815293412	10381
0.4814872193	6859
0.4813330814	1192
0.4812399345	181
0.4811767634	397
0.4811585792	4274
0.4811289522	1610
0.4809526552	6418
0.4809526552	3613
0.4809526552	3347
0.4809526552	1146
0.4808769784	225
0.4808744639	3616
0.4808177394	1900
0.4807368277	3956
0.4807105286	2255
0.4807105286	1477
0.4805238498	4035
0.4803348494	795
0.4802779521	4879
0.4802779521	1303
0.4802548894	5195
0.4801824133	4081
0.4799409887	3058
0.4799340282	4528
0.4799340282	3902
0.4799275474	5039
0.4797568209	1133
0.4797514797	829
0.4796798653	4987
0.4796226251	2488
0.4796136524	3068
0.4794258669	2277
0.4791928785	341
0.4791916647	921
0.4791452996	3379
0.4791081197	3943
0.4790735882	4402
0.4790348200	3938
0.4789396265	6772
0.4788746457	471
0.4788746457	1758
0.4788324014	639
0.4784722754	3493
0.4783478051	71
0.4782250485	1589
0.4781923269	1151
0.4781923269	4689
0.4781923269	3263
0.4780820028	4989
0.4780528543	1672
0.4779930956	9218
0.4778974982	12840
0.4778672623	4596
0.4778509866	632
0.4778382721	686
0.4777836252	652
0.4777368112	2615
0.4777355945	10908
0.4777355945	9559
0.4777355945	7640
0.4777355945	6513
0.4777355945	5033
0.4777355945	2719
0.4777355945	2496
0.4777355945	698
0.4777355945	411
0.4777355945	14590
0.4777355945	12952
0.4777355945	12898
0.4777355945	12480
0.4777355945	12347
0.4777355945	11108
0.4777355945	10036
0.4777355945	9107
0.4777355945	8152
0.4777355945	6389
0.4777355945	6381
0.4777355945	6358
0.4777355945	6321
0.4777355945	6101
0.4777355945	6006
0.4777355945	5799
0.4777355945	5688
0.4777355945	5655
0.4777355945	5385
0.4777355945	5333
0.4777355945	4936
0.4777355945	4876
0.4777355945	4800
0.4777355945	4595
0.4777355945	4450
0.4777355945	4231
0.4777355945	4212
0.4777355945	4190
0.4777355945	4021
0.4777355945	3997
0.4777355945	3751
0.4777355945	3041
0.4777355945	2814
0.4777355945	1773
0.4777355945	978
0.4777355945	14448
0.4777355945	14415
0.4777355945	13621
0.4777355945	13291
0.4777355945	12409
0.4777355945	12155
0.4777355945	12063
0.4777355945	11050
0.4777355945	11021
0.4777355945	10478
0.4777355945	9058
0.4777355945	9023
0.4777355945	8924
0.4777355945	8867
0.4777355945	8528
0.4777355945	8516
0.4777355945	8515
0.4777355945	8505
0.4777355945	8422
0.4777355945	8083
0.4777355945	8045
0.4777355945	8030
0.4777355945	8028
0.4777355945	7809
0.4777355945	7520
0.4777355945	7419
0.4777355945	7350
0.4777355945	7345
0.4777355945	5635
0.4777355945	5149
0.4777355945	2462
0.4777355945	2391
0.4777355945	1470
0.4777355945	1371
0.4777355945	1268
0.4777355945	1158
0.4777355945	11090
0.4777355945	8626
0.4777355945	8608
0.4776189756	666
0.4776049916	458
0.4775603308	6105
0.4775600209	1252
0.4774696795	5527
0.4774696795	5573
0.4774076140	956
0.4773964286	1139
0.4773429652	5187
0.4773429652	1003
0.4773429652	6357
0.4773429652	557
0.4773363318	2015
0.4772808149	6866
0.4772808149	5936
0.4772234773	1380
0.4771997873	450
0.4771366207	7994
0.4771366207	7804
0.4771366207	6700
0.4771366207	6629
0.4771366207	1761
0.4771366207	11851
0.4771366207	6304
0.4771366207	5863
0.4771366207	3056
0.4771366207	1048
0.4771366207	519
0.4771366207	3694
0.4770545987	1449
0.4769453718	1659
0.4767254828	2176
0.4766853654	508
0.4766404984	4380
0.4766404984	2916
0.4766404984	821
0.4766399562	9635
0.4766399562	7122
0.4766399562	5420
0.4766399562	3036
0.4766139599	3494
0.4765517842	109
0.4762690476	1421
0.4762570076	2904
0.4762570076	1230
0.4761990306	1975
0.4761904093	7810
0.4761700513	1588
0.4761187412	8166
0.4761187412	4867
0.4761187412	3831
0.4761187412	3407
0.4761187412	8777
0.4760805398	3724
0.4759300585	6063
0.4759300585	2478
0.4759300585	1898
0.4758949768	9474
0.4758081403	4300
0.4757622577	5876
0.4756828193	3676
0.4756238765	5280
0.4756238765	2919
0.4753896004	2868
0.4751465588	8303
0.4751465588	7782
0.4751465588	3813
0.4751465588	1275
0.4750088075	5351
0.4749106926	575
0.4748969750	206
0.4747437160	1491
0.4745835651	985
0.4745759970	1737
0.4745132119	245
0.4744642132	3376
0.4743168904	2647
0.4742879532	4419
0.4742879532	1678
0.4742045745	11193
0.4742045745	4348
0.4742045745	3488
0.4742045745	6019
0.4740691363	7009
0.4740691363	2446
0.4739174749	4343
0.4739174749	6681
0.4738670042	817
0.4738670042	1832
0.4737564267	9359
0.4737564267	4427
0.4736892857	3796
0.4732583338	1511
0.4731302848	1460
0.4730318495	8079
0.4730318495	4148
0.4729908852	3492
0.4729908852	355
0.4729584147	3658
0.4729434101	4182
0.4727678901	1197
0.4726999910	952
0.4726150120	2706
0.4725104240	3713
0.4725104240	3028
0.4724245154	15
0.4724092941	5434
0.4723885798	1170
0.4723482753	3688
0.4723158397	4791
0.4722404977	2097
0.4720195825	1476
0.4719797141	1549
0.4719219132	1601
0.4719153639	5517
0.4718946400	1226
0.4718698783	2714
0.4718167337	3915
0.4718129800	2150
0.4717018491	3228
0.4717018491	1639
0.4715909826	1177
0.4715326805	6445
0.4715133071	10502
0.4715133071	8460
0.4715133071	5737
0.4715133071	3404
0.4714838641	6096
0.4714663509	331
0.4714403930	4974
0.4714106926	4438
0.4713061045	3554
0.4710402590	2743
0.4710187092	1538
0.4710090868	1104
0.4710090868	5145
0.4710090868	1763
0.4709947353	5300
0.4709938026	101
0.4709650921	1334
0.4709595782	1016
0.4709539893	188
0.4709495224	3248
0.4709495224	1249
0.4709263376	76
0.4708447807	6143
0.4707631447	3752
0.4707268490	3055
0.4705867575	2335
0.4704834003	1436
0.4704829461	5713
0.4704251868	531
0.4703144422	4424
0.4703096211	1080
0.4701794637	10277
0.4701794637	7926
0.4701794637	4581
0.4701794637	4266
0.4701794637	2168
0.4701794637	13166
0.4701794637	11487
0.4701794637	9714
0.4701794637	5729
0.4701794637	4000
0.4701794637	1885
0.4701794637	904
0.4701658065	640
0.4701145872	555
0.4700394523	5687
0.4700394523	5257
0.4700394523	653
0.4699663506	5466
0.4699663506	4412
0.4699663506	1876
0.4699663506	1582
0.4699339740	2063
0.4698432039	4963
0.4698415537	5277
0.4698344921	2543
0.4696464615	3820
0.4696180387	998
0.4695629737	2728
0.4694664890	4476
0.4694580629	387
0.4694499364	10170
0.4694472708	7376
0.4694472708	9416
0.4694472708	930
0.4693749577	926
0.4693531141	1607
0.4692339354	864
0.4691986919	223
0.4691896819	33
0.4691734145	2008
0.4690074634	5694
0.4690074634	2698
0.4689234867	1102
0.4688328662	2593
0.4687969453	2687
0.4687843121	7079
0.4687050235	5433
0.4686710386	2148
0.4686385798	1185
0.4686028409	4517
0.4685517223	2710
0.4685435462	1875
0.4684092742	3884
0.4684092742	3032
0.4682368102	2312
0.4682368102	2190
0.4682368102	1202
0.4682368102	6395
0.4682368102	1700
0.4681725974	5747
0.4679974512	606
0.4679915374	852
0.4679638997	4133
0.4679090140	1229
0.4676853686	2178
0.4676433375	8438
0.4673819663	5279
0.4673513793	2265
0.4673507050	9400
0.4673132199	2014
0.4671247830	4478
0.4670283128	5622
0.4670056435	3655
0.4669145362	10019
0.4668875502	8642
0.4668615698	2295
0.4668187658	350
0.4667863201	3154
0.4666693152	1536
0.4666253329	615
0.4666058373	924
0.4666042056	2790
0.4666042056	1961
0.4666042056	941
0.4666042056	5225
0.4665610885	2510
0.4665312944	1540
0.4664742371	6577
0.4664742371	1702
0.4664144863	5656
0.4663892753	1123
0.4663615457	1707
0.4662984278	2786
0.4662630628	2550
0.4662327105	4001
0.4662327105	1967
0.4662062685	30
0.4662019643	583
0.4661856445	3733
0.4661463958	3297
0.4660677517	4983
0.4660677517	2274
0.4657980225	4962
0.4657628253	2146
0.4657536008	6460
0.4657048510	2124
0.4656455913	2443
0.4655099337	3892
0.4654728668	85
0.4654281911	5939
0.4654113691	114
0.4653302752	908
0.4653301524	1834
0.4652166097	1411
0.4651246707	3267
0.4651246707	1168
0.4651246707	3537
0.4649753443	5157
0.4649152144	5668
0.4648370469	1803
0.4648364994	912
0.4648318995	2098
0.4648103747	2479
0.4647868461	1443
0.4647868461	800
0.4647509701	539
0.4647237715	3418
0.4647237715	2167
0.4647237715	6301
0.4647004939	2154
0.4647004939	1698
0.4646889166	9427
0.4646889166	2883
0.4646889166	1186
0.4646889166	134
0.4646413958	3090
0.4646169963	5437
0.4645297316	917
0.4644510352	272
0.4643022635	3875
0.4642310121	1577
0.4642111085	1594
0.4642023692	465
0.4642013857	969
0.4641500961	3400
0.4639837937	1690
0.4637413718	1358
0.4635658542	1746
0.4635131912	6610
0.4633221918	2748
0.4632554072	2902
0.4631027190	782
0.4630999609	3671
0.4628689555	3196
0.4628220627	1818
0.4627604341	3584
0.4627293354	4103
0.4627042756	2540
0.4626057613	3549
0.4626057613	1425
0.4626057613	1412
0.4625778619	5569
0.4625635157	703
0.4625056070	2
0.4625050038	667
0.4625012036	3766
0.4623220512	6266
0.4622054461	536
0.4621388702	1846
0.4621324956	2093
0.4620578506	472
0.4619424172	3460
0.4619424172	4507
0.4618941289	3157
0.4617814503	642
0.4617050060	2060
0.4616923489	827
0.4616923489	12674
0.4616923489	11674
0.4616923489	10353
0.4616923489	9781
0.4616923489	9217
0.4616923489	6821
0.4616923489	5893
0.4616923489	5545
0.4616923489	5199
0.4616923489	5167
0.4616923489	5032
0.4616923489	3945
0.4616923489	3457
0.4616923489	2506
0.4616923489	1710
0.4616923489	1343
0.4616923489	9669
0.4616923489	9578
0.4616923489	3897
0.4616923489	3159
0.4616923489	2782
0.4616923489	12887
0.4616784341	5255
0.4616224155	3506
0.4615442926	6603
0.4615090008	9142
0.4614308150	1755
0.4613823587	4312
0.4612943726	4070
0.4612697191	4149
0.4612109962	4547
0.4612085738	7779
0.4610428736	1397
0.4610050398	3699
0.4609989670	886
0.4609219293	3805
0.4609136285	5786
0.4608579605	1378
0.4605545613	3615
0.4604318033	5230
0.4603718996	5702
0.4601428338	310
0.4600935399	430
0.4599987015	493
0.4599549092	728
0.4599088497	2993
0.4597916003	468
0.4597745480	2411
0.4597637902	774
0.4597263321	4430
0.4596306021	1899
0.4595782785	6296
0.4595514836	2442
0.4595433537	412
0.4594130271	231
0.4593896186	1002
0.4593720880	3609
0.4592600082	1455
0.4592436032	7073
0.4591580791	344
0.4590896284	3746
0.4590365483	1945
0.4588900678	4164
0.4587649293	1566
0.4586005933	741
0.4585475660	2760
0.4585343287	2765
0.4583708391	2076
0.4583206793	277
0.4581186390	3242
0.4580336039	3888
0.4579993305	442
0.4578825663	2515
0.4578369608	116
0.4578204930	3933
0.4576730026	2419
0.4576014877	2331
0.4575372962	5633
0.4575366119	2018
0.4575366119	521
0.4575366119	1893
0.4575217074	27
0.4573097225	1504
0.4572978278	1174
0.4572941534	2022
0.4572753048	1981
0.4572308880	1218
0.4571533379	1848
0.4571044355	901
0.4570437300	140
0.4570107638	1451
0.4568908300	1686
0.4568732385	3516
0.4567712168	1465
0.4566941865	602
0.4566083814	865
0.4563565493	3647
0.4563097741	401
0.4562539969	1391
0.4562449756	6802
0.4561524853	283
0.4560145683	3259
0.4559962999	2267
0.4559422836	11389
0.4559223465	1081
0.4558734941	6997
0.4558629073	884
0.4558441228	1018
0.4556983113	5932
0.4556983113	4857
0.4556983113	2986
0.4556882413	201
0.4556538712	161
0.4556028023	3250
0.4555410209	8681
0.4555410209	5603
0.4555410209	2270
0.4554193552	586
0.4553526954	5975
0.4552200046	2520
0.4552097124	2289
0.4552077409	2862
0.4550880080	490
0.4550410876	2952
0.4548895518	306
0.4548224664	3871
0.4547789248	3743
0.4546835716	2701
0.4546814223	2321
0.4546770688	3294
0.4546543064	2532
0.4545676337	24
0.4545401522	3163
0.4545001031	2394
0.4544940411	2152
0.4544865727	2747
0.4544865095	3563
0.4544320932	895
0.4542692017	959
0.4542107683	4798
0.4541480024	113
0.4541086708	2192
0.4541026627	366
0.4540818423	570
0.4540629822	10289
0.4540255686	1831
0.4539622449	849
0.4538959054	715
0.4538471740	1747
0.4538047307	47
0.4537805181	1265
0.4536981431	1188
0.4535926821	709
0.4535715929	1446
0.4535627538	1438
0.4534528960	145
0.4533290945	4111
0.4532948506	2083
0.4532386764	1593
0.4531712528	3181
0.4530189673	6497
0.4529425260	2054
0.4529013873	213
0.4528602983	591
0.4528415166	2691
0.4528331204	545
0.4528005638	1448
0.4524927893	1843
0.4521458315	4163
0.4521330035	520
0.4521060126	1097
0.4520838505	184
0.4519785708	5439
0.4519171522	3896
0.4518783662	1066
0.4516862220	1072
0.4516298895	6924
0.4515580467	2053
0.4515178516	4739
0.4514966150	2861
0.4514465621	4227
0.4513813704	11112
0.4513813704	10911
0.4513813704	10269
0.4513813704	8989
0.4513813704	7758
0.4513813704	5595
0.4513813704	3245
0.4513813704	3042
0.4513813704	1729
0.4513813704	13218
0.4513813704	12144
0.4513813704	9228
0.4513813704	9174
0.4513813704	8662
0.4513813704	8160
0.4513813704	7266
0.4513813704	7058
0.4513813704	5244
0.4513813704	4393
0.4513813704	3583
0.4513813704	3467
0.4513813704	2781
0.4513813704	2613
0.4513813704	2562
0.4513813704	745
0.4513813704	720
0.4513813704	11789
0.4513813704	10830
0.4513813704	10825
0.4513813704	10433
0.4513813704	9727
0.4513813704	9717
0.4513813704	9473
0.4513813704	7969
0.4513813704	7924
0.4513813704	7919
0.4513813704	7468
0.4513813704	7370
0.4513813704	7005
0.4513813704	6913
0.4513813704	6690
0.4513813704	6686
0.4513813704	5995
0.4513813704	5901
0.4513813704	5676
0.4513813704	5429
0.4513813704	5360
0.4513813704	4914
0.4513813704	4900
0.4513813704	4897
0.4513813704	4856
0.4513813704	4743
0.4513813704	4676
0.4513813704	4669
0.4513813704	4298
0.4513813704	4283
0.4513813704	3887
0.4513813704	3271
0.4513813704	3269
0.4513813704	2508
0.4513813704	2059
0.4513813704	1479
0.4513813704	1243
0.4513813704	974
0.4513813704	787
0.4513813704	6115
0.4513813704	1193
0.4513675407	1328
0.4513513826	1572
0.4513037089	1969
0.4511960493	413
0.4511936848	647
0.4509886535	4014
0.4509682922	2404
0.4508467837	694
0.4508163967	981
0.4507750081	4293
0.4506407671	1649
0.4505508291	1947
0.4504760680	4169
0.4503994970	3719
0.4502388953	2563
0.4502091674	3979
0.4501898328	2179
0.4501407748	2041
0.4500487571	9296
0.4499399261	1026
0.4499391230	2910
0.4499317010	4115
0.4499317010	2888
0.4499283203	10915
0.4498375944	4902
0.4497711340	1528
0.4496528449	6323
0.4496528449	5704
0.4496141128	3595
0.4496065890	239
0.4495712669	2424
0.4495660385	1466
0.4495518444	10664
0.4494283661	4299
0.4493590941	1662
0.4493221945	292
0.4491378726	4223
0.4491378726	5416
0.4491304808	3934
0.4490192980	1129
0.4488679189	2546
0.4488469727	1201
0.4487758244	2630
0.4486781958	195
0.4485021822	4153
0.4484353709	1591
0.4483764937	3178
0.4483590941	2461
0.4483199123	2392
0.4481872225	9
0.4480898906	187
0.4480834738	1173
0.4480777417	467
0.4477991834	3451
0.4476967115	128
0.4476755930	2444
0.4476440410	569
0.4475926239	1568
0.4475675445	2834
0.4473848929	1183
0.4472675390	1014
0.4471179933	4641
0.4471167321	3380
0.4471167321	3481
0.4470342810	3855
0.4469730016	6884
0.4469730016	11007
0.4469730016	7365
0.4469730016	3453
0.4469290294	46
0.4469229880	7258
0.4468319390	2537
0.4468037089	3967
0.4467624180	2000
0.4467137266	105
0.4467009436	2891
0.4464972948	2162
0.4463961641	259
0.4463880399	273
0.4463497872	1519
0.4463199736	857
0.4461982625	22
0.4461513624	275
0.4461457122	494
0.4461365723	1957
0.4460110899	1078
0.4460110899	4318
0.4458360574	361
0.4457638915	2966
0.4456828200	6039
0.4456630261	59
0.4456482793	5542
0.4456139173	3110
0.4456023187	2791
0.4452470731	7499
0.4452014876	1684
0.4451691679	843
0.4449658011	1498
0.4448892926	326
0.4446907081	6946
0.4446521607	2347
0.4444438930	1664
0.4443822067	613
0.4442475107	6191
0.4442285984	2913
0.4440543777	2483
0.4440123202	1847
0.4438733725	871
0.4438685081	844
0.4437488038	7301
0.4437354318	3120
0.4436598804	755
0.4436255633	2852
0.4435446293	1161
0.4434065442	4211
0.4432730451	237
0.4432730384	3282
0.4432700640	975
0.4431665145	117
0.4428995442	3276
0.4428903357	5147
0.4428185173	156
0.4427304569	1344
0.4427042963	3872
0.4426277488	138
0.4426275988	1812
0.4425324155	693
0.4424974514	3808
0.4423861777	2040
0.4423797446	6396
0.4423797446	2931
0.4421638529	4280
0.4421588265	2558
0.4420447761	1991
0.4420057394	6137
0.4417567475	1979
0.4417031058	1182
0.4415870427	1150
0.4414965954	10820
0.4413027372	10832
0.4413027372	14559
0.4413027372	12395
0.4413027372	11634
0.4413027372	11222
0.4413027372	10083
0.4413027372	10034
0.4413027372	10020
0.4413027372	9995
0.4413027372	9991
0.4413027372	9618
0.4413027372	8417
0.4413027372	8143
0.4413027372	7900
0.4413027372	7856
0.4413027372	7803
0.4413027372	7689
0.4413027372	7542
0.4413027372	7275
0.4413027372	7264
0.4413027372	7040
0.4413027372	7024
0.4413027372	6919
0.4413027372	6849
0.4413027372	6848
0.4413027372	6012
0.4413027372	6008
0.4413027372	5708
0.4413027372	5477
0.4413027372	5178
0.4413027372	5054
0.4413027372	4981
0.4413027372	4733
0.4413027372	4703
0.4413027372	4648
0.4413027372	4441
0.4413027372	4431
0.4413027372	4372
0.4413027372	4140
0.4413027372	3821
0.4413027372	3802
0.4413027372	3795
0.4413027372	3484
0.4413027372	3431
0.4413027372	2887
0.4413027372	2860
0.4413027372	2846
0.4413027372	2511
0.4413027372	1712
0.4413027372	1661
0.4413027372	872
0.4413027372	373
0.4413027372	208
0.4413027372	92
0.4413027372	14258
0.4413027372	12465
0.4413027372	11859
0.4413027372	11329
0.4413027372	10919
0.4413027372	10874
0.4413027372	10683
0.4413027372	10518
0.4413027372	9495
0.4413027372	9448
0.4413027372	9357
0.4413027372	9273
0.4413027372	9270
0.4413027372	8550
0.4413027372	8547
0.4413027372	8509
0.4413027372	8504
0.4413027372	6667
0.4413027372	6609
0.4413027372	6597
0.4413027372	6565
0.4413027372	6429
0.4413027372	6421
0.4413027372	6239
0.4413027372	6236
0.4413027372	6207
0.4413027372	5872
0.4413027372	5684
0.4413027372	5382
0.4413027372	5325
0.4413027372	4854
0.4413027372	4808
0.4413027372	4802
0.4413027372	4792
0.4413027372	4606
0.4413027372	4066
0.4413027372	4055
0.4413027372	3920
0.4413027372	3193
0.4413027372	3152
0.4413027372	2836
0.4413027372	2458
0.4413027372	2437
0.4413027372	2250
0.4413027372	2038
0.4413027372	2036
0.4413027372	1939
0.4413027372	1914
0.4413027372	1071
0.4413027372	1054
0.4413027372	1030
0.4413027372	999
0.4413027372	12968
0.4413027372	9913
0.4413027372	9169
0.4413027372	9144
0.4413027372	8952
0.4413027372	8888
0.4413027372	8744
0.4413027372	8213
0.4413027372	8195
0.4413027372	8185
0.4413027372	7453
0.4413027372	7429
0.4413027372	7405
0.4413027372	5262
0.4413027372	4141
0.4413027372	2547
0.4413027372	2197
0.4413027372	2106
0.4413027372	1512
0.4411531045	2389
0.4410561023	3349
0.4409484483	241
0.4408340149	1658
0.4408078124	4434
0.4407207658	243
0.4407134752	6011
0.4405508072	624
0.4405181906	5320
0.4405181906	256
0.4404463534	944
0.4403639663	3458
0.4401798402	866
0.4401342933	3179
0.4401125824	2751
0.4401044879	3510
0.4400899626	1301
0.4400644791	2503
0.4399565251	97
0.4398498089	2142
0.4398003924	4069
0.4398003924	2932
0.4397616225	7893
0.4396651959	1697
0.4394732661	499
0.4394665046	65
0.4393519932	984
0.4393109972	379
0.4392690913	2849
0.4391345797	3060
0.4388758180	744
0.4388709643	9834
0.4388079901	5744
0.4388079901	2263
0.4388040458	81
0.4387912613	1215
0.4387231520	1116
0.4386560473	3392
0.4385444543	4529
0.4385444543	2460
0.4385423392	2324
0.4384816956	5685
0.4384816956	8963
0.4384816956	10448
0.4384816956	2820
0.4384266772	2948
0.4382709643	11409
0.4382344757	297
0.4381655331	402
0.4381634189	2311
0.4381336070	167
0.4380402160	251
0.4379681409	4018
0.4379498783	3069
0.4378692105	3219
0.4378679662	3745
0.4377606984	5952
0.4377121046	112
0.4376312231	4543
0.4375651232	10715
0.4375600838	7307
0.4375600838	3591
0.4375483724	205
0.4370354805	4552
0.4370354805	1053
0.4370263969	1525
0.4369359942	862
0.4369112003	584
0.4368886001	2968
0.4367786874	3472
0.4367276751	12163
0.4367276751	6475
0.4367276751	5501
0.4367276751	4775
0.4367276751	4448
0.4367276751	1236
0.4367276751	1233
0.4367276751	5293
0.4367264306	518
0.4364118143	3352
0.4363447009	3038
0.4362308685	469
0.4361461737	1564
0.4359849166	4961
0.4358678785	2313
0.4357290792	1791
0.4356794784	7750
0.4356187474	2969
0.4355783624	1365
0.4355123051	567
0.4354940331	1937
0.4352406245	526
0.4352350779	2243
0.4352196663	2138
0.4351956855	996
0.4351282352	1379
0.4350576310	7606
0.4350576310	902
0.4350576310	4027
0.4347845911	2799
0.4347845911	13139
0.4347322085	423
0.4347285128	785
0.4345197768	840
0.4344706054	2064
0.4344493953	307
0.4344316793	2163
0.4344154919	513
0.4342215636	2505
0.4342056236	408
0.4341795057	2470
0.4341650255	1306
0.4340948501	2989
0.4340948501	8996
0.4340948501	6517
0.4340948501	6438
0.4340948501	565
0.4340948501	7070
0.4340948501	6310
0.4340948501	5680
0.4340948501	4485
0.4340948501	4426
0.4340948501	3856
0.4340439109	2066
0.4337177801	9730
0.4337177801	6910
0.4337177801	4966
0.4337177801	4824
0.4337177801	4651
0.4337177801	3146
0.4337177801	8137
0.4337177801	7302
0.4337177801	6617
0.4337177801	8872
0.4336040777	1406
0.4335515826	107
0.4334613837	1432
0.4334577896	2903
0.4334338952	304
0.4333687693	751
0.4333317950	1359
0.4333013711	1776
0.4331898376	3717
0.4331624997	312
0.4330465805	811
0.4328860947	3195
0.4328175142	3761
0.4328175142	2280
0.4325096383	5743
0.4324810978	1621
0.4324393198	1497
0.4323452350	1750
0.4322383248	1606
0.4320685722	721
0.4320370011	4185
0.4320057948	2338
0.4319910885	2286
0.4319821152	6478
0.4319816253	4537
0.4319409276	2897
0.4316387645	2388
0.4315715057	5812
0.4315715057	3424
0.4315715057	1581
0.4315715057	4898
0.4315715057	2670
0.4315715057	2482
0.4315687841	1787
0.4315500206	2564
0.4315072716	2379
0.4314051224	1807
0.4313994087	2121
0.4313115582	2428
0.4308682961	1138
0.4308655661	1056
0.4308092669	1550
0.4307597374	1377
0.4307502754	1453
0.4307357196	5707
0.4307357196	4753
0.4307357196	3972
0.4307357196	2521
0.4307010564	6745
0.4306867883	3669
0.4306096863	2316
0.4304320597	1340
0.4302631283	10334
0.4302631283	5804
0.4302631283	5531
0.4302631283	5514
0.4302631283	4984
0.4302631283	4980
0.4302631283	3397
0.4302631283	1743
0.4302631283	1735
0.4302631283	1711
0.4302631283	200
0.4302631283	14472
0.4302631283	12643
0.4302631283	12217
0.4302631283	10937
0.4302631283	10635
0.4302631283	10418
0.4302631283	10192
0.4302631283	10174
0.4302631283	10097
0.4302631283	9966
0.4302631283	9728
0.4302631283	9725
0.4302631283	9506
0.4302631283	9119
0.4302631283	8969
0.4302631283	8956
0.4302631283	8836
0.4302631283	8781
0.4302631283	8477
0.4302631283	8470
0.4302631283	8115
0.4302631283	8107
0.4302631283	7873
0.4302631283	7851
0.4302631283	7723
0.4302631283	7621
0.4302631283	7591
0.4302631283	6948
0.4302631283	6760
0.4302631283	6741
0.4302631283	6683
0.4302631283	6649
0.4302631283	6521
0.4302631283	6384
0.4302631283	6220
0.4302631283	6071
0.4302631283	5721
0.4302631283	5698
0.4302631283	5260
0.4302631283	5180
0.4302631283	5179
0.4302631283	4860
0.4302631283	4778
0.4302631283	4700
0.4302631283	4647
0.4302631283	4597
0.4302631283	4465
0.4302631283	4394
0.4302631283	4370
0.4302631283	4366
0.4302631283	4322
0.4302631283	4277
0.4302631283	4151
0.4302631283	4138
0.4302631283	4092
0.4302631283	4030
0.4302631283	3789
0.4302631283	3434
0.4302631283	3210
0.4302631283	2426
0.4302631283	2417
0.4302631283	2401
0.4302631283	2222
0.4302631283	2172
0.4302631283	1609
0.4302631283	1546
0.4302631283	1534
0.4302631283	1407
0.4302631283	1282
0.4302631283	909
0.4302631283	881
0.4302631283	799
0.4302631283	160
0.4302631283	86
0.4302631283	61
0.4302631283	9274
0.4302631283	9247
0.4302631283	8249
0.4302631283	6537
0.4302631283	3848
0.4302442148	295
0.4301700426	2898
0.4301502408	75
0.4300972001	7745
0.4300972001	2450
0.4300301979	1005
0.4298985500	3569
0.4298453617	1355
0.4298453617	2224
0.4298311689	1032
0.4298055525	1009
0.4298022051	149
0.4294864962	1090
0.4293928533	1557
0.4293564422	4670
0.4293218457	1571
0.4292576590	349
0.4291206483	874
0.4289562268	2988
0.4287438723	8558
0.4287438723	6428
0.4287438723	791
0.4287438723	4401
0.4287229602	1913
0.4286637055	2616
0.4283523293	7775
0.4283180495	6953
0.4282684756	7711
0.4282684756	5465
0.4282684756	3665
0.4282208305	8723
0.4282208305	8639
0.4282208305	4254
0.4282208305	12650
0.4282208305	9872
0.4282208305	9757
0.4282208305	9539
0.4282208305	9066
0.4282208305	8761
0.4282208305	8233
0.4282208305	8188
0.4282208305	8082
0.4282208305	7443
0.4282208305	7197
0.4282208305	6556
0.4282208305	6391
0.4282208305	6315
0.4282208305	6175
0.4282208305	5484
0.4282208305	5135
0.4282208305	5055
0.4282208305	5041
0.4282208305	4409
0.4282208305	3646
0.4282208305	3288
0.4282208305	3235
0.4282208305	3216
0.4282208305	2917
0.4282208305	2690
0.4282208305	1998
0.4282208305	1951
0.4282208305	1562
0.4282208305	1089
0.4282208305	798
0.4282208305	5827
0.4282208305	5599
0.4282208305	5376
0.4282208305	5309
0.4282208305	3998
0.4281782778	3734
0.4281086191	3910
0.4280834985	1556
0.4280159012	6936
0.4279634901	7
0.4279634901	7607
0.4279573458	1691
0.4278470199	623
0.4277808879	2524
0.4277317618	2395
0.4276956528	87
0.4276671899	3009
0.4276221852	1414
0.4275798177	934
0.4275229017	4390
0.4273402774	5330
0.4273277260	7438
0.4272508107	836
0.4271835756	1631
0.4270391075	4170
0.4268536282	1043
0.4268194426	855
0.4267381310	4134
0.4267126183	236
0.4260717016	2476
0.4260553667	5052
0.4259640768	3778
0.4259373047	2909
0.4257943272	1199
0.4257773004	5796
0.4257773004	3123
0.4257711593	3961
0.4257711593	470
0.4257593564	1960
0.4255176295	2328
0.4252931279	2225
0.4252385198	9558
0.4252385198	1376
0.4252027976	3079
0.4250963077	12723
0.4250963077	3664
0.4250963077	6130
0.4250963077	5104
0.4250963077	2625
0.4250963077	1855
0.4250963077	7573
0.4250963077	4555
0.4250871929	2753
0.4250699750	1756
0.4250243959	1336
0.4249177673	1070
0.4248485428	1648
0.4248230250	1833
0.4247748156	3166
0.4244800738	11474
0.4244800738	4627
0.4244800738	3033
0.4244800738	12003
0.4244800738	4124
0.4244800738	3327
0.4244380869	177
0.4244380869	8768
0.4244380869	8403
0.4244380869	7564
0.4244380869	2736
0.4244380869	992
0.4244343677	3310
0.4244271269	1786
0.4242933129	302
0.4242916637	4481
0.4241814799	813
0.4241283725	697
0.4240821874	2217
0.4240502584	3341
0.4239812850	328
0.4239507139	3233
0.4238840447	2686
0.4238513261	4071
0.4238513261	3443
0.4238513261	339
0.4238513261	6417
0.4238513261	6414
0.4238221658	2819
0.4238138877	1038
0.4238109493	1948
0.4236312610	630
0.4235594417	976
0.4234299100	6580
0.4234299100	3907
0.4234299100	2737
0.4234299100	2471
0.4234299100	2304
0.4234299100	2128
0.4234299100	2109
0.4234299100	1906
0.4234299100	1874
0.4234299100	4329
0.4234299100	3758
0.4233848242	2899
0.4231866025	6454
0.4231866025	1720
0.4230261330	1017
0.4230142713	4067
0.4229042908	1488
0.4227467959	534
0.4227391738	8179
0.4227391738	7792
0.4226612952	9122
0.4226612952	4724
0.4226612952	4415
0.4226612952	4158
0.4226612952	3332
0.4226612952	7716
0.4226612952	5056
0.4226612952	3606
0.4226612952	1675
0.4226612952	1112
0.4226612952	37
0.4226612952	5091
0.4220960009	2080
0.4219270688	853
0.4218171112	1490
0.4217984288	1716
0.4217425685	7432
0.4217425685	1949
0.4216461670	1752
0.4215928245	1551
0.4215830527	1200
0.4213529816	4461
0.4213529816	6249
0.4213529816	4284
0.4213529816	2702
0.4213529816	52
0.4212685097	1986
0.4212664923	289
0.4212085998	4355
0.4211074258	1100
0.4209896621	3072
0.4208825843	3756
0.4208540339	2016
0.4207975816	1771
0.4207673383	378
0.4206808579	951
0.4204786622	2561
0.4204555222	2423
0.4204175142	4116
0.4203288678	4421
0.4203107906	2697
0.4202510594	1096
0.4201930250	10137
0.4201930250	4931
0.4197950626	2890
0.4192765585	2048
0.4187522258	2539
0.4186398313	2523
0.4185320955	1814
0.4183984116	3735
0.4183984116	1157
0.4180632465	1372
0.4180371456	1462
0.4178932513	6337
0.4177453003	929
0.4175953935	4216
0.4175200038	4098
0.4170064542	3561
0.4169180846	1331
0.4168594833	691
0.4168216108	3893
0.4166770737	3704
0.4165838747	1792
0.4164026159	7547
0.4163884214	5480
0.4163884214	1463
0.4163884214	6975
0.4163884214	5001
0.4162202886	2183
0.4159776591	1091
0.4154400722	5198
0.4154400722	2559
0.4154400722	13580
0.4154400722	10521
0.4154400722	6592
0.4154400722	5951
0.4154400722	3539
0.4154400722	2677
0.4154400722	915
0.4154400722	4289
0.4154400722	4128
0.4153790328	287
0.4153759359	317
0.4153411156	3221
0.4153411156	1390
0.4153411156	6960
0.4153411156	6397
0.4153411156	5564
0.4153411156	5210
0.4153411156	4319
0.4153411156	3983
0.4153411156	3601
0.4153411156	2696
0.4153411156	1113
0.4152284647	3413
0.4152284647	3405
0.4152284647	1932
0.4152284647	9678
0.4152284647	7626
0.4152284647	6306
0.4152284647	5813
0.4152284647	5134
0.4152284647	4973
0.4152284647	4828
0.4152284647	4807
0.4152284647	2491
0.4152284647	1124
0.4152284647	497
0.4152284647	28
0.4150375211	1784
0.4148690277	2283
0.4143349792	1600
0.4143349792	1217
0.4142700166	770
0.4141461835	7281
0.4140995322	4456
0.4140995322	4056
0.4140995322	3393
0.4140995322	2495
0.4140995322	1637
0.4140995322	882
0.4140995322	7872
0.4140995322	5365
0.4140995322	4976
0.4140995322	3994
0.4140995322	3779
0.4140995322	3309
0.4140995322	3225
0.4139970202	325
0.4139933181	364
0.4139471151	2042
0.4139050209	2323
0.4139050209	2272
0.4139050209	4095
0.4139050209	1688
0.4139050209	1156
0.4139050209	1007
0.4138037240	859
0.4136649596	7917
0.4136649596	6992
0.4136649596	6929
0.4136649596	6574
0.4136649596	5608
0.4136649596	4699
0.4136649596	3568
0.4136649596	3044
0.4136649596	1789
0.4136649596	1748
0.4136649596	1681
0.4136649596	1386
0.4136649596	1232
0.4136649596	3935
0.4136649596	2692
0.4136649596	2091
0.4136649596	1853
0.4136649596	622
0.4136649596	812
0.4135247404	303
0.4135245264	4818
0.4135172915	453
0.4135064270	627
0.4134351293	1618
0.4133790826	1369
0.4133719926	6378
0.4132156194	2809
0.4130913209	1171
0.4130837432	2198
0.4130694260	1404
0.4130272893	3924
0.4124698204	651
0.4123989735	3632
0.4123804175	2325
0.4123804175	1892
0.4123804175	860
0.4123804175	7865
0.4123346774	19
0.4122033568	2500
0.4121313987	1307
0.4120910862	6773
0.4120910862	5703
0.4120910862	5678
0.4120910862	4534
0.4120910862	9853
0.4120910862	7903
0.4120910862	6963
0.4120910862	1766
0.4120910862	1754
0.4120910862	1728
0.4120910862	1092
0.4120686049	4789
0.4120686049	319
0.4120526058	729
0.4119425541	221
0.4115569336	204
0.4114929875	3366
0.4114929875	2717
0.4113961668	1194
0.4113795244	84
0.4110460235	10176
0.4110460235	4086
0.4110460235	3604
0.4110460235	3555
0.4110460235	3478
0.4110460235	2929
0.4110460235	2675
0.4110460235	2617
0.4110460235	8858
0.4110460235	8826
0.4110460235	8544
0.4110460235	7838
0.4110460235	7347
0.4110460235	6845
0.4110460235	6390
0.4110460235	6303
0.4110460235	4774
0.4110460235	4761
0.4110460235	4726
0.4110460235	4197
0.4110460235	3985
0.4110460235	2062
0.4110460235	1682
0.4110460235	1486
0.4110460235	708
0.4110460235	587
0.4110460235	512
0.4110460235	182
0.4110460235	9754
0.4110460235	9532
0.4110460235	9499
0.4110460235	8100
0.4110460235	8084
0.4110460235	6040
0.4110460235	6018
0.4110460235	5689
0.4110460235	5490
0.4110460235	4977
0.4110460235	4342
0.4110460235	3340
0.4110460235	2433
0.4110460235	77
0.4110460235	7049
0.4110250720	3143
0.4109484873	4248
0.4109396753	410
0.4109106438	4933
0.4106239883	3953
0.4105035505	3557
0.4104878713	2268
0.4104878713	2257
0.4104878713	2096
0.4104878713	922
0.4104878713	367
0.4104878713	102
0.4104878713	6481
0.4104878713	4629
0.4104878713	4470
0.4104878713	4166
0.4104878713	3417
0.4104878713	2695
0.4104878713	1990
0.4104878713	1741
0.4104350884	211
0.4102461803	2794
0.4100942607	1805
0.4096348148	7115
0.4094981381	55
0.4092307446	53
0.4090749675	558
0.4089532506	1542
0.4089377026	2745
0.4088976120	629
0.4088916820	3710
0.4088274282	966
0.4088186189	1561
0.4086741072	2635
0.4086574928	359
0.4086040287	506
0.4083898720	1769
0.4083411968	1464
0.4083211361	4453
0.4083211361	1850
0.4083211361	7613
0.4083211361	5274
0.4083211361	5158
0.4083211361	4655
0.4083211361	1796
0.4083211361	1745
0.4083211361	598
0.4083211361	10576
0.4083211361	9289
0.4083211361	6662
0.4083211361	4029
0.4083211361	1373
0.4083211361	8594
0.4082999312	1052
0.4082619376	3408
0.4082375238	226
0.4082206095	2815
0.4080694514	3850
0.4077941840	3726
0.4072093640	1721
0.4071978182	282
0.4071919284	1480
0.4069952558	2998
0.4064641616	1554
0.4064036734	291
0.4061779597	1242
0.4061779597	2390
0.4060009666	3136
0.4060009666	9574
0.4060009666	3626
0.4060009666	3293
0.4060009666	1560
0.4060009666	1095
0.4060009666	1868
0.4059695504	863
0.4058519547	7428
0.4058519547	7200
0.4058519547	3461
0.4058519547	1529
0.4058519547	1063
0.4058519547	9505
0.4058519547	7531
0.4058519547	7516
0.4058519547	6263
0.4058519547	6122
0.4058519547	5555
0.4058519547	5156
0.4058519547	4859
0.4058519547	4624
0.4058519547	4523
0.4058519547	4505
0.4058519547	3918
0.4058519547	3830
0.4058519547	3237
0.4058519547	3113
0.4058519547	2979
0.4058519547	2879
0.4058519547	2761
0.4058519547	2435
0.4058519547	2415
0.4058519547	2003
0.4058519547	993
0.4058519547	989
0.4058519547	748
0.4058519547	440
0.4058314086	1677
0.4057846811	10877
0.4057846811	9328
0.4057846811	8354
0.4057846811	5923
0.4057846811	5914
0.4057846811	5890
0.4057846811	5806
0.4057846811	3929
0.4057846811	2094
0.4057846811	2090
0.4057846811	2019
0.4057846811	726
0.4057846811	541
0.4057846811	540
0.4057846811	11276
0.4057846811	10866
0.4057846811	9431
0.4057846811	8897
0.4057846811	8805
0.4057846811	8589
0.4057846811	8210
0.4057846811	8091
0.4057846811	7931
0.4057846811	6267
0.4057846811	5706
0.4057846811	5669
0.4057846811	5487
0.4057846811	5427
0.4057846811	5350
0.4057846811	5233
0.4057846811	5218
0.4057846811	4851
0.4057846811	4711
0.4057846811	4488
0.4057846811	4455
0.4057846811	4177
0.4057846811	3996
0.4057846811	3886
0.4057846811	3814
0.4057846811	3490
0.4057846811	3279
0.4057846811	3092
0.4057846811	3053
0.4057846811	3035
0.4057846811	2845
0.4057846811	2554
0.4057846811	2239
0.4057846811	1228
0.4057846811	967
0.4057846811	900
0.4057846811	504
0.4057846811	501
0.4057846811	41
0.4057846811	11107
0.4057846811	4589
0.4057846811	2473
0.4057846811	2456
0.4057846811	2455
0.4057846811	2244
0.4057846811	228
0.4057846811	2918
0.4055124210	1507
0.4054217799	807
0.4050980805	3772
0.4050757590	1111
0.4050038102	338
0.4049443278	362
0.4048330897	547
0.4046844182	3201
0.4045280813	10578
0.4045280813	5673
0.4045280813	5568
0.4045280813	4167
0.4045280813	11986
0.4045280813	10355
0.4045280813	8517
0.4045280813	6388
0.4045280813	5058
0.4045280813	4804
0.4045280813	4076
0.4045280813	3790
0.4045280813	1938
0.4045280813	2387
0.4044473289	318
0.4041639352	3345
0.4041098569	1374
0.4040288909	2767
0.4040288909	186
0.4039153738	3126
0.4037904019	775
0.4036707006	7650
0.4036707006	1768
0.4036707006	1731
0.4035275165	646
0.4032241241	192
0.4031760716	2294
0.4028945888	444
0.4028797340	323
0.4026270248	38
0.4024763632	1798
0.4024763632	1281
0.4024763632	554
0.4024763632	424
0.4024763632	6233
0.4024763632	4653
0.4022991557	5510
0.4022663592	487
0.4020707240	1665
0.4019511739	2955
0.4013452460	600
0.4011755008	1284
0.4011238925	1444
0.4009828705	1858
0.4008808162	1717
0.4005193610	164
0.4005044449	257
0.4001676203	2498
0.4000306800	1073
0.3999810174	94
0.3999081426	12
0.3996548348	3696
0.3995931221	1543
0.3995194217	2296
0.3994868620	2688
0.3992528501	417
0.3991807209	1799
0.3990318006	2166
0.3988452732	416
0.3985452824	4267
0.3985452824	5966
0.3984499455	4462
0.3982439988	254
0.3982439988	2161
0.3982048078	68
0.3980858825	171
0.3978789835	2430
0.3978372219	3782
0.3978372219	1031
0.3977189645	2068
0.3976730664	1739
0.3972657241	4271
0.3972477877	3777
0.3972474255	4638
0.3967677462	4495
0.3966086588	274
0.3963888065	207
0.3958357377	2801
0.3957482579	4186
0.3956753481	4567
0.3952301877	6685
0.3952301877	6349
0.3952301877	5051
0.3952301877	4180
0.3952301877	2664
0.3952301877	5620
0.3952301877	4840
0.3952301877	3314
0.3952301877	3246
0.3952301877	3057
0.3952301877	2585
0.3952301877	1767
0.3952301877	1155
0.3952301877	1041
0.3952301877	663
0.3952301877	594
0.3952301877	496
0.3952301877	445
0.3951946196	1447
0.3949542715	1269
0.3945164247	11299
0.3944681426	2789
0.3939357640	1402
0.3939357640	841
0.3938289021	179
0.3937870170	6912
0.3935991891	2658
0.3934492135	2140
0.3933075869	1726
0.3932416051	4165
0.3931931406	4912
0.3931925032	1654
0.3930340932	2885
0.3929196489	1860
0.3923592930	314
0.3920183179	264
0.3919890942	1545
0.3918208394	1683
0.3917461039	25
0.3916649419	1382
0.3913176781	7793
0.3911495559	625
0.3911032108	3415
0.3908304124	1995
0.3905887556	10858
0.3903537659	214
0.3901729190	1383
0.3896855397	1856
0.3895767164	5681
0.3887508890	2551
0.3887304354	979
0.3885677873	1553
0.3885185236	1943
0.3884951704	2033
0.3882898775	3727
0.3882401415	3842
0.3882084572	3204
0.3881472016	1555
0.3879188745	754
0.3874645921	650
0.3870966549	348
0.3865609762	2779
0.3864259427	3268
0.3858635340	2683
0.3857194559	2196
0.3856823282	2086
0.3856823282	4199
0.3856823282	2256
0.3856823282	422
0.3856823282	3532
0.3848766656	1703
0.3848041381	384
0.3846369990	2297
0.3841309550	514
0.3841240875	3084
0.3841240875	2028
0.3839725921	1734
0.3839144871	15533
0.3839144871	10000
0.3834314292	2233
0.3831020205	6719
0.3830677253	705
0.3827756800	1918
0.3825780275	717
0.3819241639	2155
0.3818391733	2739
0.3817495347	6636
0.3814732105	1348
0.3810583109	834
0.3806845182	1435
0.3805162985	1314
0.3804021940	2429
0.3802801668	1207
0.3799897825	2700
0.3797800742	4291
0.3796596908	3101
0.3796596908	1870
0.3791150888	2366
0.3790010544	8890
0.3790010544	4541
0.3790010544	1813
0.3790010544	1189
0.3787234695	503
0.3787234695	9297
0.3785302298	1696
0.3784022579	4114
0.3783241438	6370
0.3779639630	2188
0.3779639630	1206
0.3779370846	4065
0.3777512473	733
0.3774254369	5722
0.3774254369	1526
0.3773510049	3076
0.3773075484	1205
0.3772151852	4437
0.3772151852	3618
0.3771598692	739
0.3768760697	483
0.3763541575	7480
0.3761463758	3128
0.3760706787	279
0.3759725890	300
0.3758542499	5251
0.3755660182	3116
0.3752483413	7002
0.3751861241	106
0.3751741536	1650
0.3751033747	4093
0.3748833066	1347
0.3748833066	641
0.3745751888	614
0.3745751888	596
0.3742934042	5771
0.3738415237	5528
0.3738415237	5281
0.3738415237	3894
0.3738415237	2894
0.3738415237	1119
0.3732975200	837
0.3728693015	5216
0.3728693015	2251
0.3727748793	34
0.3724319373	3572
0.3723613308	1481
0.3721924841	3292
0.3721924841	763
0.3720064911	2778
0.3714584269	1923
0.3705453262	1865
0.3699380209	1322
0.3699380209	1137
0.3699380209	5757
0.3699380209	4737
0.3699260504	1946
0.3699260504	3411
0.3698551797	1175
0.3694353961	4145
0.3693270856	2307
0.3693270856	4089
0.3693270856	2877
0.3693179666	1793
0.3693156203	964
0.3690398473	3771
0.3690364417	1797
0.3690177317	4121
0.3687709828	5601
0.3686780969	0
0.3685684880	7522
0.3682976714	2468
0.3682930514	669
0.3680642499	2884
0.3669743511	2454
0.3666110488	1790
0.3664918793	589
0.3661980501	538
0.3661876137	4
0.3659335258	2337
0.3658509392	522
0.3658096819	346
0.3655224266	6129
0.3654495831	4308
0.3652359312	2466
0.3651890932	794
0.3651194914	5504
0.3651194914	2122
0.3647895629	818
0.3645472891	1602
0.3643995028	820
0.3641157905	1952
0.3639864262	258
0.3638620584	2052
0.3638620584	1422
0.3635202804	1973
0.3630981754	2755
0.3628971833	2102
0.3626592928	4332
0.3623464282	6998
0.3623378795	405
0.3617604438	2661
0.3617604438	1320
0.3617542743	2936
0.3615030108	1496
0.3615030108	649
0.3608743188	1794
0.3607307171	6457
0.3607307171	2045
0.3607307171	1940
0.3606280145	1844
0.3604570005	18
0.3603852327	1082
0.3602489666	1715
0.3602029618	875
0.3601317518	3836
0.3601317518	2598
0.3601317518	2264
0.3601153788	2326
0.3600769439	3386
0.3598905965	1552
0.3598624380	23
0.3593294033	1689
0.3589105190	235
0.3588350484	1011
0.3586144539	6198
0.3585670317	870
0.3579147555	524
0.3577888407	5250
0.3573778332	562
0.3570803390	455
0.3567378880	7384
0.3567378880	6839
0.3567378880	3637
0.3567378880	9361
0.3567378880	1381
0.3567055073	816
0.3566686976	1109
0.3565604638	4513
0.3564809064	1167
0.3562174121	2438
0.3560918338	1153
0.3556868384	1224
0.3555383777	183
0.3554879691	170
0.3549809064	1142
0.3548929873	700
0.3548180608	1873
0.3548180608	906
0.3546554159	1255
0.3546554159	2236
0.3542438916	1785
0.3539364285	1917
0.3537659903	6776
0.3534158197	2850
0.3534158197	2346
0.3534158197	1203
0.3533284098	2349
0.3532531747	3410
0.3526431759	356
0.3526001272	568
0.3520504276	616
0.3520062642	3048
0.3519529995	2638
0.3515794887	2302
0.3512031258	2983
0.3511132235	72
0.3510092766	35
0.3506960416	4196
0.3505389951	93
0.3501008863	1452
0.3497486881	1176
0.3496340635	2344
0.3491416350	2964
0.3478439185	1994
0.3473242758	457
0.3472861878	2186
0.3470514617	2583
0.3469633958	385
0.3463348472	714
0.3461684509	7159
0.3457760705	2889
0.3457084694	3416
0.3457084694	6767
0.3452468625	218
0.3448361457	5572
0.3447232095	4922
0.3447232095	2716
0.3447232095	9039
0.3439577871	1506
0.3438680270	1585
0.3438606977	1285
0.3433669907	856
0.3427641354	3579
0.3426439918	343
0.3425816078	643
0.3417674029	196
0.3417514921	3589
0.3414765559	654
0.3413004519	473
0.3411890212	2665
0.3406235583	962
0.3405133823	1392
0.3403657359	43
0.3402258511	2531
0.3402258511	3543
0.3398669033	1887
0.3397056686	1413
0.3395019527	388
0.3393200616	1817
0.3390841295	719
0.3388879978	438
0.3387304395	1211
0.3380987463	8475
0.3379720363	2223
0.3379604665	5361
0.3377988224	2771
0.3377879978	1520
0.3374348255	436
0.3370536326	9870
0.3370281877	3919
0.3369653926	70
0.3368993878	3623
0.3367032301	713
0.3366391649	66
0.3364270745	2693
0.3362889887	779
0.3360400820	685
0.3357959402	2784
0.3350488424	202
0.3347260242	215
0.3343523096	3398
0.3341458879	3978
0.3338649772	612
0.3338330632	7228
0.3338330632	11657
0.3338330632	381
0.3338330632	3122
0.3338330632	2501
0.3337688368	6260
0.3334193059	1501
0.3333957082	377
0.3331567339	2502
0.3331567339	1309
0.3331567339	3051
0.3331567339	2574
0.3331345460	369
0.3330182139	1485
0.3322782158	1687
0.3319028768	8455
0.3319028768	6343
0.3319028768	6065
0.3319028768	6054
0.3319028768	11663
0.3319028768	10075
0.3319028768	8273
0.3319028768	6876
0.3319028768	5061
0.3319028768	4652
0.3318283817	3454
0.3315388366	26
0.3315003423	3333
0.3313493105	311
0.3313371994	1001
0.3305783676	1567
0.3295445293	2522
0.3291679701	1418
0.3291652798	1563
0.3285290290	3050
0.3283469175	2084
0.3282554258	2333
0.3282141769	1244
0.3281398249	937
0.3276005834	3469
0.3275606129	372
0.3271076472	11
0.3262898019	1869
0.3261807529	3
0.3260887280	913
0.3257497807	702
0.3256093001	2201
0.3253394204	905
0.3247359647	3588
0.3240468558	2604
0.3240468558	2577
0.3238044209	990
0.3232902767	199
0.3229486675	10073
0.3228837710	135
0.3226760869	831
0.3226742067	537
0.3216762108	1304
0.3211740461	419
0.3206664397	718
0.3205921866	1196
0.3201954908	6226
0.3200497324	219
0.3200402283	819
0.3198581732	2822
0.3194649405	6032
0.3194649405	6023
0.3194649405	11960
0.3194649405	10248
0.3194649405	6050
0.3194649405	3999
0.3194649405	5140
0.3194649405	2118
0.3194649405	1642
0.3192998984	209
0.3190349570	535
0.3189312885	1342
0.3185286895	1516
0.3184898321	2832
0.3184485799	255
0.3181961403	1964
0.3181961403	6732
0.3181852722	1671
0.3181455663	4633
0.3181408385	2512
0.3180358368	10140
0.3176543005	322
0.3173073239	1294
0.3170680308	722
0.3170425939	1165
0.3169104935	1012
0.3167557495	2930
0.3166781366	752
0.3163744235	7383
0.3163744235	2680
0.3163064182	1993
0.3161643647	3611
0.3159604709	645
0.3156269481	1341
0.3153730394	618
0.3151367103	3203
0.3150563721	973
0.3149282316	949
0.3147254279	1384
0.3141990418	1235
0.3141666784	2965
0.3139059559	2606
0.3131160558	1360
0.3126805634	2314
0.3125668155	1431
0.3125128126	96
0.3124380553	406
0.3119676049	162
0.3117642466	1103
0.3115158844	868
0.3114257870	368
0.3112812652	6856
0.3109517070	2306
0.3108709561	333
0.3105330398	2797
0.3105287489	516
0.3099407800	54
0.3098693083	4686
0.3096880004	7389
0.3096873600	2104
0.3096628316	4101
0.3094107167	6
0.3092144333	6205
0.3090956585	421
0.3090686280	95
0.3086466188	157
0.3081202462	2566
0.3081186209	3787
0.3077206297	4634
0.3074057926	409
0.3072662830	1130
0.3072134513	1933
0.3064706213	3498
0.3063753832	664
0.3061514426	2205
0.3061514426	3738
0.3061514426	3652
0.3061514426	2978
0.3060978499	6036
0.3060166630	21
0.3055403845	3277
0.3050776536	1544
0.3047983533	4561
0.3047066064	2763
0.3046156511	374
0.3046147576	4338
0.3046147576	4333
0.3046147576	2530
0.3046147576	7603
0.3046147576	5450
0.3046147576	4747
0.3046147576	2926
0.3046147576	1692
0.3046147576	1410
0.3046147576	1403
0.3046147576	1293
0.3045475566	2584
0.3045475566	437
0.3045416130	1296
0.3045255646	1653
0.3042009569	3149
0.3040624265	389
0.3039555019	580
0.3038506113	11666
0.3038506113	6081
0.3038506113	947
0.3038213410	392
0.3036401045	3959
0.3036291454	1795
0.3033894169	5860
0.3033894169	4660
0.3033894169	833
0.3030724602	4564
0.3030724602	4420
0.3025876270	309
0.3023535689	230
0.3022582851	1127
0.3020658213	1559
0.3019958328	1775
0.3019958328	4307
0.3019023026	5214
0.3017761539	2525
0.3017761539	1699
0.3017761539	5445
0.3013544064	2029
0.3013290218	1535
0.3012361560	972
0.3010537576	7830
0.3008222774	1838
0.3000569121	638
0.2999641557	6959
0.2998125182	431
0.2996661566	5815
0.2996661566	4871
0.2996661566	3556
0.2996661566	9580
0.2996661566	6520
0.2996661566	432
0.2982481171	6753
0.2982481171	2828
0.2982481171	1804
0.2982481171	12841
0.2982481171	7801
0.2982481171	1472
0.2980215761	1335
0.2976388796	2758
0.2974939488	139
0.2973570843	324
0.2973490244	88
0.2970464885	1240
0.2970105468	2704
0.2960746736	354
0.2955525268	4673
0.2955422836	544
0.2954958717	460
0.2946003689	2768
0.2942594996	166
0.2940687975	403
0.2939182265	4518
0.2938683572	1533
0.2936646943	636
0.2928490529	380
0.2926246382	476
0.2925988068	4525
0.2923833843	334
0.2923809072	6972
0.2923809072	6218
0.2923809072	2372
0.2923809072	1667
0.2922983230	510
0.2920357989	3402
0.2920357989	8849
0.2920357989	4079
0.2919301084	169
0.2914827132	523
0.2911877129	4706
0.2911877129	3030
0.2904036242	1333
0.2896336207	2829
0.2888626798	1321
0.2880468838	948
0.2875685650	8920
0.2874903085	67
0.2872844190	1086
0.2871459008	363
0.2869761459	2164
0.2867758764	1154
0.2864258213	1727
0.2863263904	1292
0.2860803666	2398
0.2853932383	757
0.2851948351	672
0.2845744642	103
0.2834988825	4150
0.2831532129	56
0.2826558305	1445
0.2819831673	753
0.2819170192	425
0.2817904085	141
0.2816625752	1592
0.2816454904	699
0.2815000337	835
0.2810806473	1160
0.2809757025	4464
0.2809235339	773
0.2808866433	914
0.2803378462	743
0.2797160647	1733
0.2785906094	1361
0.2764410478	78
0.2759124306	1801
0.2742123864	2139
0.2738078714	203
0.2731293174	1021
0.2726321612	342
0.2716316902	133
0.2713921034	454
0.2708504754	907
0.2708078623	502
0.2706665684	2237
0.2703495727	6212
0.2703495727	2358
0.2699251902	1319
0.2692186404	560
0.2684723365	212
0.2683478186	6178
0.2672729147	2218
0.2672412884	7265
0.2666932972	3316
0.2658917582	3134
0.2656737499	1027
0.2639929136	40
0.2638065146	7355
0.2635502931	2757
0.2635502931	1311
0.2631420225	64
0.2630981328	6117
0.2630857204	3351
0.2622933058	1356
0.2621522660	5751
0.2621522660	2594
0.2617050818	3218
0.2605387746	571
0.2604600319	1719
0.2595061170	3185
0.2595061170	2582
0.2593240553	443
0.2591170523	2279
0.2581460630	1718
0.2568749271	1679
0.2547258053	330
0.2538749271	867
0.2535855901	1439
0.2523926250	2320
0.2523926250	2240
0.2522621185	31
0.2521141527	1968
0.2520418216	737
0.2518879865	858
0.2507360645	4598
0.2489209293	735
0.2475007948	2099
0.2471210455	963
0.2468853358	461
0.2467748832	1694
0.2467748832	945
0.2465271677	1019
0.2446270593	1527
0.2443348824	1493
0.2427898160	1059
0.2423704275	220
0.2422347379	6793
0.2417137936	4551
0.2408558871	1326
0.2404156451	2605
0.2400771656	224
0.2396462717	955
0.2396043592	486
0.2390137535	732
0.2387281577	488
0.2386137936	3059
0.2384502027	1208
0.2384336343	1736
0.2383220275	194
0.2378575912	918
0.2375414761	1047
0.2373427800	144
0.2369162330	3190
0.2360333147	4571
0.2354930484	1510
0.2341407269	674
0.2337619413	2436
0.2337619413	3141
0.2332677995	3066
0.2322521446	577
0.2314599865	439
0.2309456539	91
0.2309456539	49
0.2309456539	14
0.2309456539	415
0.2309456539	315
0.2309456539	313
0.2309456539	130
0.2304823639	48
0.2304658500	756
0.2299725332	1910
0.2299456539	36
0.2299456539	172
0.2297130245	677
0.2289840983	426
0.2277737702	2269
0.2270836129	58
0.2268232597	193
0.2264538059	1925
0.2263827862	227
0.2254783512	337
0.2236220410	336
0.2223459488	3577
0.2222628020	284
0.2220232110	896
0.2195090680	1722
0.2188931616	1000
0.2187703000	1624
0.2163543936	2464
0.2152205548	1701
