10140
-
913
%
!
6205
2205
2366
/
6732
16293
" 650
-
- -
- - -
- - - -
- - - - -
2139
3050
473
23
2314
342
2326
16
6478
1000
1501
1321
1469
3652
571
157
4150
867
2582
5751
643
955
202
1993
580
4598
1361
12782
93
31
389
330
-1111
-1111
2530
4652
11356
-1111
8600
3745
1785
5140
1933
36
963
38
5819
7522
5204
255
431
219
964
-1111
81
49
5815
56
1679
1592
972
315
948
15723
2240
677
2320
7355
11529
5052
1285
1445
638
380
502
1509
377
199
472
4871
144
1925
-1111
67
1086
1869
2583
516
1235
1194
11714
2936
4216
6260
2899
1342
230
3185
3351
1439
3398
193
752
4271
1491
15929
636
1244
719
354
834
1533
2372
476
3149
-1111
1103
1490
369
-1111
9825
356
1527
14702
7512
2306
11389
72
2784
337
705
973
699
-1111
17769
2501
11901
9095
2566
1918
5277
4293
962
1269
8514
164
6793
1817
2223
2349
3
6998
13632
3999
732
392
372
1943
3310
3498
1692
2525
1793
1208
8475
5445
1403
-1111
14445
10816
-1111
4332
3577
2502
5829
130
313
488
1544
-1111
406
3875
1165
544
6585
6583
1667
-1111
-1111
-1111
9831
7265
12060
1154
-1111
6803
212
-1111
215
167
7638
1296
4147
11960
18
-1111
396
818
2333
4079
3218
10858
-1111
728
78
-1111
48
324
220
2436
7296
4464
775
2801
-1111
1472
4673
3951
990
6719
895
6682
3579
6776
-1111
1913
1127
-1111
226
1160
-1111
2778
1176
524
4171
9959
-1111
384
1910
70
58
15533
227
739
16315
381
674
368
2454
257
5214
1196
2464
1047
5766
2379
6218
2218
9833
4513
8849
645
2763
3919
4145
945
5542
311
642
4065
702
-1111
537
6454
-1111
3402
3277
460
12696
274
1341
-1111
3717
5771
6
1314
454
13978
-1111
-1111
1887
43
2522
385
2269
1130
4518
443
333
757
4818
-1111
166
9705
-1111
133
1804
64
1776
756
3076
1535
1326
3134
3116
3030
10915
7801
40
10173
2584
1059
1488
7115
1027
-1111
2041
535
8587
2342
833
3456
2029
2107
10092
1653
3066
2430
650
2828
1451
2432
2104
15914
14170
75
3657
538
4075
2429
10350
14766
1994
1917
1464
-1111
13154
3738
68
10520
1516
1727
1964
1545
1701
1335
1801
1797
169
17745
-1111
3623
6636
-1111
937
7941
7354
15215
-1111
1856
2875
5061
858
1082
291
2337
12991
2040
4686
1348
11269
4777
7547
334
1161
2183
-1111
172
-1111
4
194
-1111
336
722
522
-1111
1240
14869
4525
1696
2933
-1111
-1111
34
510
754
3962
19
1979
9580
1493
3973
1392
560
1153
-1111
405
11
457
224
4420
1292
2237
947
1720
5860
6370
2755
6968
135
651
7159
162
487
7603
582
3072
-1111
425
779
103
96
209
322
1624
196
1356
-1111
617
1559
141
54
1722
13855
374
3785
2344
5943
91
88
21
14512
419
2409
415
523
6343
363
11902
7792
577
-1111
2099
8455
14037
-1111
-1111
743
14
618
-1111
737
-1111
1413
1410
918
1795
439
9577
3048
95
1968
835
-1111
284
284
1032
2683
5793
514
2768
2771
-1111
4672
15306
6337
6191
913
" 650
" 650
-
- -
- - -
23
342
2326
1000
1321
1469
3652
571
157
2582
5751
643
955
202
1993
580
4598
1361
12782
-1111
1687
93
31
389
330
-1111
2530
4652
11356
8600
36
963
38
431
1304
49
5815
56
1679
1592
972
315
948
15723
2240
677
7355
11529
5052
638
380
17365
502
3959
377
199
2594
144
1925
1194
300
10950
193
-1111
2297
203
2358
834
476
3149
1431
1103
369
9825
356
1527
3580
14702
7512
16649
2306
337
705
973
699
17769
2501
11901
5277
1269
11984
-1111
4547
309
2627
164
6793
3
6998
13632
14759
2398
732
392
1787
1224
372
3498
2164
8475
3577
130
313
1544
3875
1165
544
6585
6583
1667
-1111
-1111
-1111
7265
12060
1154
212
215
1381
167
7638
1296
18
396
818
139
78
48
324
220
2436
2801
895
6776
-1111
1913
1127
-1111
461
70
58
227
16315
674
-1111
2198
368
2454
257
5214
6117
1196
2464
1047
5766
6218
2218
4145
945
5542
642
4065
702
-1111
6454
-1111
3402
460
12696
1341
-1111
6
1314
454
43
2522
385
1130
4518
443
333
757
4818
166
9705
-1111
133
64
756
568
3134
3116
10915
914
535
2342
1451
538
2429
10350
14766
1994
68
1727
1545
1701
753
3333
1335
5450
1801
-1111
1797
169
-1111
3623
6636
-1111
937
7354
858
291
25
4686
3572
334
172
4
194
336
722
522
-1111
1240
14869
4525
1696
2933
-1111
34
510
4564
1775
3962
19
1493
3973
1392
560
1153
-1111
405
11
457
224
388
1292
2237
11475
4248
135
7159
162
3072
425
779
103
54
1722
91
21
523
6343
363
11902
7792
577
-1111
2099
8455
14037
-1111
-1111
743
14
618
-1111
737
-1111
1413
1410
918
1795
439
95
1968
835
284
514
2768
2771
-1111
4672
15306
-1111
-1111
-1111
-1111
-1111
10287
-1111
-1111
-1111
6839
-1111
-1111
3637
8179
4660
-1111
-1111
-1111
-1111
-1111
-1111
-1111
-1111
-1111
-1111
-1111
-1111
-1111
-1111
-1111
-1111
-1111
8228
6753
8404
-1111
-1111
12125
2533
3610
16334
6647
-1111
-1111
-1111
-1111
-1111
-1111
-1111
-1111
-1111
10471
12836
-1111
-1111
-1111
-1111
-1111
-1111
3638
-1111
-1111
-1111
-1111
-1111
-1111
-1111
-1111
-1111
-1111
-1111
10279
-1111
-1111
-1111
-1111
-1111
-1111
419
415
-1111
-1111
-1111
3661
-1111
509
-1111
-1111
-1111
6652
-1111
-1111
-1111
-1111
-1111
-1111
-1111
-1111
-1111
-1111
-1111
-1111
-1111
-1111
-1111
-1111
-1111
-1111
-1111
-1111
-1111
-1111
-1111
-1111
-1111
-1111
-1111
-1111
-1111
-1111
-1111
-1111 "
-1111
8823
-1111
-1111
4674
3660
913
" 650
" 650
-
- -
- - -
23
342
2326
1321
3652
571
157
4598
93
31
330
36
10287
38
431
49
56
315
948
677
7355
638
502
377
199
6839
1925
193
12852
719
3637
834
1533
8179
2372
4660
3149
1103
369
1269
3
392
372
3577
-1111
130
-1111
313
-1111
488
1544
-1111
-1111
-1111
1165
544
-1111
-1111
-1111
7265
12060
1154
212
-1111
167
12125
2533
3610
16334
1296
18
78
48
6647
324
483
220
2436
-1111
227
368
257
-1111
1047
5766
702
3402
460
6
1314
43
2522
1130
443
333
-1111
166
9705
-1111
133
64
756
1451
-1111
1545
-1111
-1111
3638
1701
-1111
1797
169
291
334
172
-1111
4
194
-1111
336
722
522
1240
10279
34
510
-1111
-1111
-1111
-1111
19
1493
560
11
224
162
3072
425
54
91
3661
21
-1111
509
-1111
-1111
415
-1111
523
6652
363
-1111
577
-1111
14
618
737
-1111
1410
1795
-1111
95
15188
284
8823
2768
-1111
-1111
4674
3660
2771
-1111
4672
15306
23
81
472
1491
1490
4293
3310
4332
167
7296
775
6719
384
2379
3717
3076
1488
2041
650
2040
651
617
3785
1032
2683
6337
4
49
11
6
31
23
18
172
313
167
324
3
460
43
95
1544
38
2768
834
431
19
377
1154
199
392
510
21
2104
1165
1545
443
93
439
1047
385
157
284
1240
194
523
1797
425
133
1296
342
737
3498
14
8475
227
363
907
144
1160
66
702
4464
7265
4673
4686
735
78
905
2771
870
169
193
336
538
333
334
522
1341
524
1130
2936
220
64
754
202
1304
1321
96
135
212
166
403
164
419
88
705
311
2344
56
330
34
2164
486
257
103
